-2	9.08609
-1.9992	9.10423
-1.9984	9.12234
-1.9976	9.14042
-1.9968	9.15846
-1.996	9.17646
-1.9952	9.19443
-1.9944	9.21236
-1.9936	9.23025
-1.9928	9.2481
-1.992	9.26591
-1.9912	9.28368
-1.9904	9.30141
-1.9896	9.31911
-1.9888	9.33675
-1.988	9.35436
-1.9872	9.37192
-1.9864	9.38944
-1.9856	9.40692
-1.9848	9.42435
-1.984	9.44173
-1.9832	9.45907
-1.9824	9.47636
-1.9816	9.49361
-1.9808	9.5108
-1.98	9.52795
-1.9792	9.54505
-1.9784	9.5621
-1.9776	9.5791
-1.9768	9.59605
-1.976	9.61295
-1.9752	9.62979
-1.9744	9.64659
-1.9736	9.66333
-1.9728	9.68002
-1.972	9.69665
-1.9712	9.71323
-1.9704	9.72976
-1.9696	9.74622
-1.9688	9.76264
-1.968	9.77899
-1.9672	9.79529
-1.9664	9.81154
-1.9656	9.82772
-1.9648	9.84385
-1.964	9.85991
-1.9632	9.87592
-1.9624	9.89187
-1.9616	9.90776
-1.9608	9.92358
-1.96	9.93935
-1.9592	9.95505
-1.9584	9.97069
-1.9576	9.98627
-1.9568	10.0018
-1.956	10.0172
-1.9552	10.0326
-1.9544	10.0479
-1.9536	10.0632
-1.9528	10.0784
-1.952	10.0935
-1.9512	10.1086
-1.9504	10.1236
-1.9496	10.1385
-1.9488	10.1534
-1.948	10.1682
-1.9472	10.1829
-1.9464	10.1975
-1.9456	10.2121
-1.9448	10.2267
-1.944	10.2411
-1.9432	10.2555
-1.9424	10.2698
-1.9416	10.284
-1.9408	10.2982
-1.94	10.3123
-1.9392	10.3263
-1.9384	10.3403
-1.9376	10.3542
-1.9368	10.368
-1.936	10.3817
-1.9352	10.3954
-1.9344	10.409
-1.9336	10.4225
-1.9328	10.436
-1.932	10.4493
-1.9312	10.4626
-1.9304	10.4759
-1.9296	10.489
-1.9288	10.5021
-1.928	10.5151
-1.9272	10.528
-1.9264	10.5409
-1.9256	10.5536
-1.9248	10.5663
-1.924	10.579
-1.9232	10.5915
-1.9224	10.604
-1.9216	10.6164
-1.9208	10.6287
-1.92	10.6409
-1.9192	10.6531
-1.9184	10.6652
-1.9176	10.6772
-1.9168	10.6891
-1.916	10.701
-1.9152	10.7128
-1.9144	10.7245
-1.9136	10.7361
-1.9128	10.7476
-1.912	10.7591
-1.9112	10.7705
-1.9104	10.7818
-1.9096	10.793
-1.9088	10.8042
-1.908	10.8153
-1.9072	10.8262
-1.9064	10.8372
-1.9056	10.848
-1.9048	10.8588
-1.904	10.8695
-1.9032	10.8801
-1.9024	10.8906
-1.9016	10.901
-1.9008	10.9114
-1.9	10.9217
-1.8992	10.9319
-1.8984	10.942
-1.8976	10.9521
-1.8968	10.9621
-1.896	10.972
-1.8952	10.9818
-1.8944	10.9915
-1.8936	11.0012
-1.8928	11.0108
-1.892	11.0203
-1.8912	11.0297
-1.8904	11.0391
-1.8896	11.0484
-1.8888	11.0575
-1.888	11.0667
-1.8872	11.0757
-1.8864	11.0847
-1.8856	11.0936
-1.8848	11.1024
-1.884	11.1111
-1.8832	11.1197
-1.8824	11.1283
-1.8816	11.1368
-1.8808	11.1452
-1.88	11.1536
-1.8792	11.1618
-1.8784	11.17
-1.8776	11.1781
-1.8768	11.1862
-1.876	11.1941
-1.8752	11.202
-1.8744	11.2098
-1.8736	11.2176
-1.8728	11.2252
-1.872	11.2328
-1.8712	11.2403
-1.8704	11.2477
-1.8696	11.2551
-1.8688	11.2624
-1.868	11.2696
-1.8672	11.2767
-1.8664	11.2838
-1.8656	11.2908
-1.8648	11.2977
-1.864	11.3045
-1.8632	11.3113
-1.8624	11.318
-1.8616	11.3246
-1.8608	11.3312
-1.86	11.3376
-1.8592	11.344
-1.8584	11.3504
-1.8576	11.3566
-1.8568	11.3628
-1.856	11.3689
-1.8552	11.375
-1.8544	11.3809
-1.8536	11.3868
-1.8528	11.3927
-1.852	11.3984
-1.8512	11.4041
-1.8504	11.4098
-1.8496	11.4153
-1.8488	11.4208
-1.848	11.4262
-1.8472	11.4316
-1.8464	11.4368
-1.8456	11.4421
-1.8448	11.4472
-1.844	11.4523
-1.8432	11.4573
-1.8424	11.4622
-1.8416	11.4671
-1.8408	11.4719
-1.84	11.4767
-1.8392	11.4813
-1.8384	11.486
-1.8376	11.4905
-1.8368	11.495
-1.836	11.4994
-1.8352	11.5038
-1.8344	11.508
-1.8336	11.5123
-1.8328	11.5164
-1.832	11.5205
-1.8312	11.5246
-1.8304	11.5285
-1.8296	11.5324
-1.8288	11.5363
-1.828	11.5401
-1.8272	11.5438
-1.8264	11.5475
-1.8256	11.5511
-1.8248	11.5546
-1.824	11.5581
-1.8232	11.5615
-1.8224	11.5649
-1.8216	11.5682
-1.8208	11.5714
-1.82	11.5746
-1.8192	11.5777
-1.8184	11.5808
-1.8176	11.5838
-1.8168	11.5868
-1.816	11.5897
-1.8152	11.5925
-1.8144	11.5953
-1.8136	11.598
-1.8128	11.6007
-1.812	11.6033
-1.8112	11.6059
-1.8104	11.6084
-1.8096	11.6108
-1.8088	11.6132
-1.808	11.6155
-1.8072	11.6178
-1.8064	11.6201
-1.8056	11.6222
-1.8048	11.6244
-1.804	11.6264
-1.8032	11.6285
-1.8024	11.6304
-1.8016	11.6323
-1.8008	11.6342
-1.8	11.636
-1.7992	11.6378
-1.7984	11.6395
-1.7976	11.6412
-1.7968	11.6428
-1.796	11.6443
-1.7952	11.6459
-1.7944	11.6473
-1.7936	11.6487
-1.7928	11.6501
-1.792	11.6514
-1.7912	11.6527
-1.7904	11.6539
-1.7896	11.6551
-1.7888	11.6562
-1.788	11.6573
-1.7872	11.6584
-1.7864	11.6594
-1.7856	11.6603
-1.7848	11.6612
-1.784	11.6621
-1.7832	11.6629
-1.7824	11.6636
-1.7816	11.6644
-1.7808	11.665
-1.78	11.6657
-1.7792	11.6663
-1.7784	11.6668
-1.7776	11.6673
-1.7768	11.6678
-1.776	11.6682
-1.7752	11.6686
-1.7744	11.6689
-1.7736	11.6692
-1.7728	11.6695
-1.772	11.6697
-1.7712	11.6699
-1.7704	11.67
-1.7696	11.6701
-1.7688	11.6702
-1.768	11.6702
-1.7672	11.6702
-1.7664	11.6701
-1.7656	11.67
-1.7648	11.6699
-1.764	11.6697
-1.7632	11.6695
-1.7624	11.6692
-1.7616	11.6689
-1.7608	11.6686
-1.76	11.6683
-1.7592	11.6679
-1.7584	11.6674
-1.7576	11.667
-1.7568	11.6665
-1.756	11.6659
-1.7552	11.6654
-1.7544	11.6647
-1.7536	11.6641
-1.7528	11.6634
-1.752	11.6627
-1.7512	11.662
-1.7504	11.6612
-1.7496	11.6604
-1.7488	11.6596
-1.748	11.6587
-1.7472	11.6578
-1.7464	11.6569
-1.7456	11.6559
-1.7448	11.6549
-1.744	11.6539
-1.7432	11.6528
-1.7424	11.6517
-1.7416	11.6506
-1.7408	11.6494
-1.74	11.6483
-1.7392	11.647
-1.7384	11.6458
-1.7376	11.6445
-1.7368	11.6432
-1.736	11.6419
-1.7352	11.6406
-1.7344	11.6392
-1.7336	11.6378
-1.7328	11.6363
-1.732	11.6349
-1.7312	11.6334
-1.7304	11.6319
-1.7296	11.6303
-1.7288	11.6288
-1.728	11.6272
-1.7272	11.6255
-1.7264	11.6239
-1.7256	11.6222
-1.7248	11.6205
-1.724	11.6188
-1.7232	11.6171
-1.7224	11.6153
-1.7216	11.6135
-1.7208	11.6117
-1.72	11.6098
-1.7192	11.608
-1.7184	11.6061
-1.7176	11.6042
-1.7168	11.6022
-1.716	11.6003
-1.7152	11.5983
-1.7144	11.5963
-1.7136	11.5943
-1.7128	11.5922
-1.712	11.5902
-1.7112	11.5881
-1.7104	11.586
-1.7096	11.5838
-1.7088	11.5817
-1.708	11.5795
-1.7072	11.5773
-1.7064	11.5751
-1.7056	11.5729
-1.7048	11.5706
-1.704	11.5683
-1.7032	11.5661
-1.7024	11.5637
-1.7016	11.5614
-1.7008	11.5591
-1.7	11.5567
-1.6992	11.5543
-1.6984	11.5519
-1.6976	11.5495
-1.6968	11.5471
-1.696	11.5446
-1.6952	11.5421
-1.6944	11.5396
-1.6936	11.5371
-1.6928	11.5346
-1.692	11.532
-1.6912	11.5295
-1.6904	11.5269
-1.6896	11.5243
-1.6888	11.5217
-1.688	11.5191
-1.6872	11.5164
-1.6864	11.5138
-1.6856	11.5111
-1.6848	11.5084
-1.684	11.5057
-1.6832	11.503
-1.6824	11.5003
-1.6816	11.4975
-1.6808	11.4947
-1.68	11.492
-1.6792	11.4892
-1.6784	11.4864
-1.6776	11.4835
-1.6768	11.4807
-1.676	11.4779
-1.6752	11.475
-1.6744	11.4721
-1.6736	11.4692
-1.6728	11.4663
-1.672	11.4634
-1.6712	11.4605
-1.6704	11.4575
-1.6696	11.4546
-1.6688	11.4516
-1.668	11.4486
-1.6672	11.4456
-1.6664	11.4426
-1.6656	11.4396
-1.6648	11.4365
-1.664	11.4335
-1.6632	11.4304
-1.6624	11.4274
-1.6616	11.4243
-1.6608	11.4212
-1.66	11.4181
-1.6592	11.415
-1.6584	11.4119
-1.6576	11.4087
-1.6568	11.4056
-1.656	11.4024
-1.6552	11.3992
-1.6544	11.396
-1.6536	11.3929
-1.6528	11.3896
-1.652	11.3864
-1.6512	11.3832
-1.6504	11.38
-1.6496	11.3767
-1.6488	11.3735
-1.648	11.3702
-1.6472	11.3669
-1.6464	11.3636
-1.6456	11.3603
-1.6448	11.357
-1.644	11.3537
-1.6432	11.3504
-1.6424	11.3471
-1.6416	11.3437
-1.6408	11.3404
-1.64	11.337
-1.6392	11.3336
-1.6384	11.3303
-1.6376	11.3269
-1.6368	11.3235
-1.636	11.3201
-1.6352	11.3167
-1.6344	11.3132
-1.6336	11.3098
-1.6328	11.3064
-1.632	11.3029
-1.6312	11.2995
-1.6304	11.296
-1.6296	11.2925
-1.6288	11.2891
-1.628	11.2856
-1.6272	11.2821
-1.6264	11.2786
-1.6256	11.2751
-1.6248	11.2716
-1.624	11.268
-1.6232	11.2645
-1.6224	11.261
-1.6216	11.2574
-1.6208	11.2539
-1.62	11.2503
-1.6192	11.2468
-1.6184	11.2432
-1.6176	11.2396
-1.6168	11.236
-1.616	11.2325
-1.6152	11.2289
-1.6144	11.2253
-1.6136	11.2217
-1.6128	11.2181
-1.612	11.2144
-1.6112	11.2108
-1.6104	11.2072
-1.6096	11.2036
-1.6088	11.1999
-1.608	11.1963
-1.6072	11.1926
-1.6064	11.189
-1.6056	11.1853
-1.6048	11.1817
-1.604	11.178
-1.6032	11.1743
-1.6024	11.1706
-1.6016	11.167
-1.6008	11.1633
-1.6	11.1596
-1.5992	11.1559
-1.5984	11.1522
-1.5976	11.1485
-1.5968	11.1448
-1.596	11.1411
-1.5952	11.1374
-1.5944	11.1337
-1.5936	11.13
-1.5928	11.1262
-1.592	11.1225
-1.5912	11.1188
-1.5904	11.1151
-1.5896	11.1113
-1.5888	11.1076
-1.588	11.1039
-1.5872	11.1001
-1.5864	11.0964
-1.5856	11.0926
-1.5848	11.0889
-1.584	11.0851
-1.5832	11.0814
-1.5824	11.0776
-1.5816	11.0739
-1.5808	11.0701
-1.58	11.0664
-1.5792	11.0626
-1.5784	11.0589
-1.5776	11.0551
-1.5768	11.0513
-1.576	11.0476
-1.5752	11.0438
-1.5744	11.0401
-1.5736	11.0363
-1.5728	11.0325
-1.572	11.0288
-1.5712	11.025
-1.5704	11.0212
-1.5696	11.0175
-1.5688	11.0137
-1.568	11.0099
-1.5672	11.0062
-1.5664	11.0024
-1.5656	10.9986
-1.5648	10.9948
-1.564	10.9911
-1.5632	10.9873
-1.5624	10.9835
-1.5616	10.9798
-1.5608	10.976
-1.56	10.9722
-1.5592	10.9685
-1.5584	10.9647
-1.5576	10.9609
-1.5568	10.9572
-1.556	10.9534
-1.5552	10.9497
-1.5544	10.9459
-1.5536	10.9421
-1.5528	10.9384
-1.552	10.9346
-1.5512	10.9309
-1.5504	10.9271
-1.5496	10.9233
-1.5488	10.9196
-1.548	10.9158
-1.5472	10.9121
-1.5464	10.9083
-1.5456	10.9046
-1.5448	10.9008
-1.544	10.8971
-1.5432	10.8933
-1.5424	10.8896
-1.5416	10.8859
-1.5408	10.8821
-1.54	10.8784
-1.5392	10.8747
-1.5384	10.8709
-1.5376	10.8672
-1.5368	10.8635
-1.536	10.8597
-1.5352	10.856
-1.5344	10.8523
-1.5336	10.8485
-1.5328	10.8448
-1.532	10.8411
-1.5312	10.8374
-1.5304	10.8337
-1.5296	10.8299
-1.5288	10.8262
-1.528	10.8225
-1.5272	10.8188
-1.5264	10.8151
-1.5256	10.8114
-1.5248	10.8077
-1.524	10.804
-1.5232	10.8003
-1.5224	10.7966
-1.5216	10.7929
-1.5208	10.7892
-1.52	10.7855
-1.5192	10.7818
-1.5184	10.7781
-1.5176	10.7744
-1.5168	10.7707
-1.516	10.767
-1.5152	10.7633
-1.5144	10.7597
-1.5136	10.756
-1.5128	10.7523
-1.512	10.7486
-1.5112	10.7449
-1.5104	10.7413
-1.5096	10.7376
-1.5088	10.7339
-1.508	10.7302
-1.5072	10.7266
-1.5064	10.7229
-1.5056	10.7192
-1.5048	10.7155
-1.504	10.7119
-1.5032	10.7082
-1.5024	10.7045
-1.5016	10.7009
-1.5008	10.6972
-1.5	10.6936
-1.4992	10.6899
-1.4984	10.6862
-1.4976	10.6826
-1.4968	10.6789
-1.496	10.6753
-1.4952	10.6716
-1.4944	10.668
-1.4936	10.6643
-1.4928	10.6606
-1.492	10.657
-1.4912	10.6533
-1.4904	10.6497
-1.4896	10.646
-1.4888	10.6424
-1.488	10.6387
-1.4872	10.6351
-1.4864	10.6314
-1.4856	10.6278
-1.4848	10.6241
-1.484	10.6205
-1.4832	10.6168
-1.4824	10.6132
-1.4816	10.6096
-1.4808	10.6059
-1.48	10.6023
-1.4792	10.5986
-1.4784	10.595
-1.4776	10.5913
-1.4768	10.5877
-1.476	10.584
-1.4752	10.5804
-1.4744	10.5768
-1.4736	10.5731
-1.4728	10.5695
-1.472	10.5658
-1.4712	10.5622
-1.4704	10.5586
-1.4696	10.5549
-1.4688	10.5513
-1.468	10.5476
-1.4672	10.544
-1.4664	10.5404
-1.4656	10.5367
-1.4648	10.5331
-1.464	10.5294
-1.4632	10.5258
-1.4624	10.5222
-1.4616	10.5185
-1.4608	10.5149
-1.46	10.5112
-1.4592	10.5076
-1.4584	10.504
-1.4576	10.5003
-1.4568	10.4967
-1.456	10.4931
-1.4552	10.4894
-1.4544	10.4858
-1.4536	10.4822
-1.4528	10.4785
-1.452	10.4749
-1.4512	10.4713
-1.4504	10.4677
-1.4496	10.464
-1.4488	10.4604
-1.448	10.4568
-1.4472	10.4532
-1.4464	10.4495
-1.4456	10.4459
-1.4448	10.4423
-1.444	10.4387
-1.4432	10.4351
-1.4424	10.4314
-1.4416	10.4278
-1.4408	10.4242
-1.44	10.4206
-1.4392	10.417
-1.4384	10.4134
-1.4376	10.4098
-1.4368	10.4062
-1.436	10.4026
-1.4352	10.399
-1.4344	10.3954
-1.4336	10.3918
-1.4328	10.3882
-1.432	10.3846
-1.4312	10.381
-1.4304	10.3774
-1.4296	10.3738
-1.4288	10.3702
-1.428	10.3666
-1.4272	10.3631
-1.4264	10.3595
-1.4256	10.3559
-1.4248	10.3523
-1.424	10.3488
-1.4232	10.3452
-1.4224	10.3417
-1.4216	10.3381
-1.4208	10.3345
-1.42	10.331
-1.4192	10.3274
-1.4184	10.3239
-1.4176	10.3204
-1.4168	10.3168
-1.416	10.3133
-1.4152	10.3098
-1.4144	10.3062
-1.4136	10.3027
-1.4128	10.2992
-1.412	10.2957
-1.4112	10.2922
-1.4104	10.2887
-1.4096	10.2852
-1.4088	10.2817
-1.408	10.2782
-1.4072	10.2747
-1.4064	10.2712
-1.4056	10.2678
-1.4048	10.2643
-1.404	10.2608
-1.4032	10.2574
-1.4024	10.2539
-1.4016	10.2505
-1.4008	10.247
-1.4	10.2436
-1.3992	10.2402
-1.3984	10.2367
-1.3976	10.2333
-1.3968	10.2299
-1.396	10.2265
-1.3952	10.2231
-1.3944	10.2197
-1.3936	10.2163
-1.3928	10.2129
-1.392	10.2095
-1.3912	10.2061
-1.3904	10.2028
-1.3896	10.1994
-1.3888	10.1961
-1.388	10.1927
-1.3872	10.1894
-1.3864	10.186
-1.3856	10.1827
-1.3848	10.1794
-1.384	10.1761
-1.3832	10.1727
-1.3824	10.1694
-1.3816	10.1661
-1.3808	10.1628
-1.38	10.1596
-1.3792	10.1563
-1.3784	10.153
-1.3776	10.1497
-1.3768	10.1465
-1.376	10.1432
-1.3752	10.14
-1.3744	10.1368
-1.3736	10.1335
-1.3728	10.1303
-1.372	10.1271
-1.3712	10.1239
-1.3704	10.1207
-1.3696	10.1175
-1.3688	10.1143
-1.368	10.1111
-1.3672	10.1079
-1.3664	10.1048
-1.3656	10.1016
-1.3648	10.0984
-1.364	10.0953
-1.3632	10.0921
-1.3624	10.089
-1.3616	10.0859
-1.3608	10.0827
-1.36	10.0796
-1.3592	10.0765
-1.3584	10.0734
-1.3576	10.0703
-1.3568	10.0672
-1.356	10.0641
-1.3552	10.0611
-1.3544	10.058
-1.3536	10.0549
-1.3528	10.0519
-1.352	10.0488
-1.3512	10.0458
-1.3504	10.0427
-1.3496	10.0397
-1.3488	10.0366
-1.348	10.0336
-1.3472	10.0306
-1.3464	10.0276
-1.3456	10.0246
-1.3448	10.0216
-1.344	10.0186
-1.3432	10.0156
-1.3424	10.0126
-1.3416	10.0096
-1.3408	10.0066
-1.34	10.0037
-1.3392	10.0007
-1.3384	9.99773
-1.3376	9.99477
-1.3368	9.99182
-1.336	9.98887
-1.3352	9.98592
-1.3344	9.98298
-1.3336	9.98005
-1.3328	9.97712
-1.332	9.97419
-1.3312	9.97126
-1.3304	9.96835
-1.3296	9.96543
-1.3288	9.96252
-1.328	9.95961
-1.3272	9.95671
-1.3264	9.9538
-1.3256	9.95091
-1.3248	9.94801
-1.324	9.94512
-1.3232	9.94223
-1.3224	9.93935
-1.3216	9.93646
-1.3208	9.93358
-1.32	9.93071
-1.3192	9.92783
-1.3184	9.92496
-1.3176	9.92209
-1.3168	9.91922
-1.316	9.91635
-1.3152	9.91349
-1.3144	9.91063
-1.3136	9.90777
-1.3128	9.90491
-1.312	9.90206
-1.3112	9.8992
-1.3104	9.89635
-1.3096	9.8935
-1.3088	9.89065
-1.308	9.8878
-1.3072	9.88495
-1.3064	9.8821
-1.3056	9.87926
-1.3048	9.87641
-1.304	9.87357
-1.3032	9.87072
-1.3024	9.86788
-1.3016	9.86504
-1.3008	9.8622
-1.3	9.85936
-1.2992	9.85652
-1.2984	9.85367
-1.2976	9.85083
-1.2968	9.84799
-1.296	9.84516
-1.2952	9.84232
-1.2944	9.83948
-1.2936	9.83664
-1.2928	9.8338
-1.292	9.83096
-1.2912	9.82812
-1.2904	9.82528
-1.2896	9.82244
-1.2888	9.81959
-1.288	9.81675
-1.2872	9.81391
-1.2864	9.81107
-1.2856	9.80823
-1.2848	9.80538
-1.284	9.80254
-1.2832	9.7997
-1.2824	9.79685
-1.2816	9.79401
-1.2808	9.79116
-1.28	9.78832
-1.2792	9.78547
-1.2784	9.78262
-1.2776	9.77977
-1.2768	9.77692
-1.276	9.77407
-1.2752	9.77122
-1.2744	9.76837
-1.2736	9.76552
-1.2728	9.76267
-1.272	9.75982
-1.2712	9.75697
-1.2704	9.75411
-1.2696	9.75126
-1.2688	9.74841
-1.268	9.74555
-1.2672	9.7427
-1.2664	9.73984
-1.2656	9.73698
-1.2648	9.73413
-1.264	9.73127
-1.2632	9.72842
-1.2624	9.72556
-1.2616	9.7227
-1.2608	9.71985
-1.26	9.71699
-1.2592	9.71413
-1.2584	9.71128
-1.2576	9.70842
-1.2568	9.70556
-1.256	9.70271
-1.2552	9.69985
-1.2544	9.697
-1.2536	9.69414
-1.2528	9.69129
-1.252	9.68844
-1.2512	9.68558
-1.2504	9.68273
-1.2496	9.67988
-1.2488	9.67703
-1.248	9.67419
-1.2472	9.67134
-1.2464	9.66849
-1.2456	9.66565
-1.2448	9.66281
-1.244	9.65997
-1.2432	9.65713
-1.2424	9.65429
-1.2416	9.65146
-1.2408	9.64862
-1.24	9.64579
-1.2392	9.64296
-1.2384	9.64014
-1.2376	9.63731
-1.2368	9.63449
-1.236	9.63167
-1.2352	9.62886
-1.2344	9.62605
-1.2336	9.62324
-1.2328	9.62043
-1.232	9.61763
-1.2312	9.61483
-1.2304	9.61203
-1.2296	9.60924
-1.2288	9.60645
-1.228	9.60366
-1.2272	9.60088
-1.2264	9.59811
-1.2256	9.59533
-1.2248	9.59256
-1.224	9.5898
-1.2232	9.58704
-1.2224	9.58429
-1.2216	9.58154
-1.2208	9.57879
-1.22	9.57605
-1.2192	9.57332
-1.2184	9.57059
-1.2176	9.56787
-1.2168	9.56515
-1.216	9.56243
-1.2152	9.55973
-1.2144	9.55703
-1.2136	9.55433
-1.2128	9.55164
-1.212	9.54896
-1.2112	9.54628
-1.2104	9.54361
-1.2096	9.54095
-1.2088	9.53829
-1.208	9.53564
-1.2072	9.533
-1.2064	9.53036
-1.2056	9.52773
-1.2048	9.52511
-1.204	9.52249
-1.2032	9.51989
-1.2024	9.51729
-1.2016	9.51469
-1.2008	9.51211
-1.2	9.50953
-1.1992	9.50696
-1.1984	9.5044
-1.1976	9.50184
-1.1968	9.49929
-1.196	9.49675
-1.1952	9.49422
-1.1944	9.4917
-1.1936	9.48919
-1.1928	9.48668
-1.192	9.48418
-1.1912	9.48169
-1.1904	9.47921
-1.1896	9.47674
-1.1888	9.47427
-1.188	9.47182
-1.1872	9.46937
-1.1864	9.46693
-1.1856	9.4645
-1.1848	9.46208
-1.184	9.45966
-1.1832	9.45726
-1.1824	9.45487
-1.1816	9.45248
-1.1808	9.4501
-1.18	9.44773
-1.1792	9.44537
-1.1784	9.44302
-1.1776	9.44068
-1.1768	9.43834
-1.176	9.43602
-1.1752	9.4337
-1.1744	9.43139
-1.1736	9.42909
-1.1728	9.4268
-1.172	9.42452
-1.1712	9.42225
-1.1704	9.41998
-1.1696	9.41773
-1.1688	9.41548
-1.168	9.41324
-1.1672	9.41101
-1.1664	9.40879
-1.1656	9.40658
-1.1648	9.40437
-1.164	9.40218
-1.1632	9.39999
-1.1624	9.39781
-1.1616	9.39564
-1.1608	9.39347
-1.16	9.39132
-1.1592	9.38917
-1.1584	9.38703
-1.1576	9.3849
-1.1568	9.38278
-1.156	9.38066
-1.1552	9.37855
-1.1544	9.37645
-1.1536	9.37435
-1.1528	9.37227
-1.152	9.37019
-1.1512	9.36811
-1.1504	9.36605
-1.1496	9.36399
-1.1488	9.36194
-1.148	9.35989
-1.1472	9.35785
-1.1464	9.35582
-1.1456	9.35379
-1.1448	9.35177
-1.144	9.34976
-1.1432	9.34775
-1.1424	9.34575
-1.1416	9.34375
-1.1408	9.34176
-1.14	9.33978
-1.1392	9.3378
-1.1384	9.33582
-1.1376	9.33385
-1.1368	9.33189
-1.136	9.32993
-1.1352	9.32798
-1.1344	9.32602
-1.1336	9.32408
-1.1328	9.32214
-1.132	9.3202
-1.1312	9.31827
-1.1304	9.31634
-1.1296	9.31441
-1.1288	9.31249
-1.128	9.31057
-1.1272	9.30865
-1.1264	9.30674
-1.1256	9.30483
-1.1248	9.30292
-1.124	9.30102
-1.1232	9.29912
-1.1224	9.29722
-1.1216	9.29532
-1.1208	9.29343
-1.12	9.29153
-1.1192	9.28964
-1.1184	9.28775
-1.1176	9.28586
-1.1168	9.28398
-1.116	9.28209
-1.1152	9.28021
-1.1144	9.27832
-1.1136	9.27644
-1.1128	9.27456
-1.112	9.27268
-1.1112	9.2708
-1.1104	9.26892
-1.1096	9.26704
-1.1088	9.26516
-1.108	9.26328
-1.1072	9.2614
-1.1064	9.25952
-1.1056	9.25764
-1.1048	9.25575
-1.104	9.25387
-1.1032	9.25199
-1.1024	9.2501
-1.1016	9.24822
-1.1008	9.24633
-1.1	9.24444
-1.0992	9.24255
-1.0984	9.24066
-1.0976	9.23877
-1.0968	9.23687
-1.096	9.23498
-1.0952	9.23308
-1.0944	9.23118
-1.0936	9.22928
-1.0928	9.22737
-1.092	9.22546
-1.0912	9.22356
-1.0904	9.22164
-1.0896	9.21973
-1.0888	9.21781
-1.088	9.21589
-1.0872	9.21397
-1.0864	9.21205
-1.0856	9.21012
-1.0848	9.20819
-1.084	9.20625
-1.0832	9.20432
-1.0824	9.20238
-1.0816	9.20043
-1.0808	9.19849
-1.08	9.19654
-1.0792	9.19458
-1.0784	9.19263
-1.0776	9.19067
-1.0768	9.18871
-1.076	9.18674
-1.0752	9.18477
-1.0744	9.1828
-1.0736	9.18082
-1.0728	9.17884
-1.072	9.17686
-1.0712	9.17487
-1.0704	9.17288
-1.0696	9.17089
-1.0688	9.16889
-1.068	9.1669
-1.0672	9.16489
-1.0664	9.16289
-1.0656	9.16088
-1.0648	9.15886
-1.064	9.15685
-1.0632	9.15483
-1.0624	9.15281
-1.0616	9.15078
-1.0608	9.14875
-1.06	9.14672
-1.0592	9.14469
-1.0584	9.14265
-1.0576	9.14061
-1.0568	9.13857
-1.056	9.13652
-1.0552	9.13448
-1.0544	9.13243
-1.0536	9.13037
-1.0528	9.12832
-1.052	9.12626
-1.0512	9.1242
-1.0504	9.12214
-1.0496	9.12008
-1.0488	9.11801
-1.048	9.11595
-1.0472	9.11388
-1.0464	9.11181
-1.0456	9.10974
-1.0448	9.10766
-1.044	9.10559
-1.0432	9.10351
-1.0424	9.10144
-1.0416	9.09936
-1.0408	9.09728
-1.04	9.0952
-1.0392	9.09312
-1.0384	9.09104
-1.0376	9.08897
-1.0368	9.08689
-1.036	9.08481
-1.0352	9.08273
-1.0344	9.08065
-1.0336	9.07857
-1.0328	9.07649
-1.032	9.07441
-1.0312	9.07234
-1.0304	9.07026
-1.0296	9.06819
-1.0288	9.06612
-1.028	9.06405
-1.0272	9.06198
-1.0264	9.05991
-1.0256	9.05784
-1.0248	9.05578
-1.024	9.05372
-1.0232	9.05166
-1.0224	9.04961
-1.0216	9.04755
-1.0208	9.0455
-1.02	9.04346
-1.0192	9.04141
-1.0184	9.03937
-1.0176	9.03733
-1.0168	9.0353
-1.016	9.03327
-1.0152	9.03125
-1.0144	9.02923
-1.0136	9.02721
-1.0128	9.0252
-1.012	9.02319
-1.0112	9.02119
-1.0104	9.01919
-1.0096	9.0172
-1.0088	9.01522
-1.008	9.01323
-1.0072	9.01126
-1.0064	9.00929
-1.0056	9.00733
-1.0048	9.00537
-1.004	9.00342
-1.0032	9.00147
-1.0024	8.99954
-1.0016	8.9976
-1.0008	8.99568
-1	8.99376
-0.9992	8.99185
-0.9984	8.98995
-0.9976	8.98805
-0.9968	8.98617
-0.996	8.98428
-0.9952	8.98241
-0.9944	8.98055
-0.9936	8.97869
-0.9928	8.97684
-0.992	8.975
-0.9912	8.97317
-0.9904	8.97135
-0.9896	8.96953
-0.9888	8.96773
-0.988	8.96593
-0.9872	8.96414
-0.9864	8.96236
-0.9856	8.96059
-0.9848	8.95883
-0.984	8.95708
-0.9832	8.95534
-0.9824	8.95361
-0.9816	8.95189
-0.9808	8.95017
-0.98	8.94847
-0.9792	8.94678
-0.9784	8.94509
-0.9776	8.94342
-0.9768	8.94176
-0.976	8.9401
-0.9752	8.93846
-0.9744	8.93683
-0.9736	8.93521
-0.9728	8.93359
-0.972	8.93199
-0.9712	8.9304
-0.9704	8.92882
-0.9696	8.92725
-0.9688	8.92569
-0.968	8.92414
-0.9672	8.9226
-0.9664	8.92107
-0.9656	8.91955
-0.9648	8.91804
-0.964	8.91655
-0.9632	8.91506
-0.9624	8.91358
-0.9616	8.91212
-0.9608	8.91066
-0.96	8.90922
-0.9592	8.90778
-0.9584	8.90636
-0.9576	8.90494
-0.9568	8.90354
-0.956	8.90215
-0.9552	8.90077
-0.9544	8.89939
-0.9536	8.89803
-0.9528	8.89668
-0.952	8.89534
-0.9512	8.89401
-0.9504	8.89268
-0.9496	8.89137
-0.9488	8.89007
-0.948	8.88878
-0.9472	8.88749
-0.9464	8.88622
-0.9456	8.88496
-0.9448	8.8837
-0.944	8.88246
-0.9432	8.88122
-0.9424	8.88
-0.9416	8.87878
-0.9408	8.87757
-0.94	8.87637
-0.9392	8.87518
-0.9384	8.874
-0.9376	8.87282
-0.9368	8.87166
-0.936	8.8705
-0.9352	8.86935
-0.9344	8.86821
-0.9336	8.86708
-0.9328	8.86595
-0.932	8.86483
-0.9312	8.86372
-0.9304	8.86262
-0.9296	8.86152
-0.9288	8.86043
-0.928	8.85935
-0.9272	8.85827
-0.9264	8.8572
-0.9256	8.85614
-0.9248	8.85509
-0.924	8.85403
-0.9232	8.85299
-0.9224	8.85195
-0.9216	8.85092
-0.9208	8.84989
-0.92	8.84887
-0.9192	8.84785
-0.9184	8.84684
-0.9176	8.84583
-0.9168	8.84483
-0.916	8.84383
-0.9152	8.84283
-0.9144	8.84184
-0.9136	8.84086
-0.9128	8.83987
-0.912	8.83889
-0.9112	8.83792
-0.9104	8.83694
-0.9096	8.83597
-0.9088	8.83501
-0.908	8.83404
-0.9072	8.83308
-0.9064	8.83212
-0.9056	8.83116
-0.9048	8.8302
-0.904	8.82925
-0.9032	8.8283
-0.9024	8.82734
-0.9016	8.82639
-0.9008	8.82544
-0.9	8.82449
-0.8992	8.82355
-0.8984	8.8226
-0.8976	8.82165
-0.8968	8.8207
-0.896	8.81975
-0.8952	8.81881
-0.8944	8.81786
-0.8936	8.81691
-0.8928	8.81596
-0.892	8.81501
-0.8912	8.81405
-0.8904	8.8131
-0.8896	8.81215
-0.8888	8.81119
-0.888	8.81023
-0.8872	8.80927
-0.8864	8.80831
-0.8856	8.80734
-0.8848	8.80638
-0.884	8.80541
-0.8832	8.80443
-0.8824	8.80346
-0.8816	8.80248
-0.8808	8.8015
-0.88	8.80052
-0.8792	8.79953
-0.8784	8.79854
-0.8776	8.79754
-0.8768	8.79654
-0.876	8.79554
-0.8752	8.79453
-0.8744	8.79352
-0.8736	8.79251
-0.8728	8.79149
-0.872	8.79047
-0.8712	8.78944
-0.8704	8.78841
-0.8696	8.78737
-0.8688	8.78633
-0.868	8.78528
-0.8672	8.78423
-0.8664	8.78317
-0.8656	8.78211
-0.8648	8.78104
-0.864	8.77997
-0.8632	8.77889
-0.8624	8.77781
-0.8616	8.77672
-0.8608	8.77562
-0.86	8.77453
-0.8592	8.77342
-0.8584	8.77231
-0.8576	8.77119
-0.8568	8.77007
-0.856	8.76894
-0.8552	8.76781
-0.8544	8.76667
-0.8536	8.76553
-0.8528	8.76438
-0.852	8.76322
-0.8512	8.76206
-0.8504	8.76089
-0.8496	8.75972
-0.8488	8.75854
-0.848	8.75735
-0.8472	8.75616
-0.8464	8.75497
-0.8456	8.75376
-0.8448	8.75256
-0.844	8.75134
-0.8432	8.75012
-0.8424	8.7489
-0.8416	8.74767
-0.8408	8.74644
-0.84	8.7452
-0.8392	8.74395
-0.8384	8.7427
-0.8376	8.74145
-0.8368	8.74019
-0.836	8.73892
-0.8352	8.73765
-0.8344	8.73638
-0.8336	8.7351
-0.8328	8.73381
-0.832	8.73252
-0.8312	8.73123
-0.8304	8.72993
-0.8296	8.72863
-0.8288	8.72733
-0.828	8.72602
-0.8272	8.7247
-0.8264	8.72339
-0.8256	8.72207
-0.8248	8.72074
-0.824	8.71942
-0.8232	8.71809
-0.8224	8.71675
-0.8216	8.71542
-0.8208	8.71408
-0.82	8.71274
-0.8192	8.71139
-0.8184	8.71005
-0.8176	8.7087
-0.8168	8.70735
-0.816	8.706
-0.8152	8.70464
-0.8144	8.70329
-0.8136	8.70193
-0.8128	8.70058
-0.812	8.69922
-0.8112	8.69786
-0.8104	8.6965
-0.8096	8.69514
-0.8088	8.69378
-0.808	8.69242
-0.8072	8.69106
-0.8064	8.6897
-0.8056	8.68834
-0.8048	8.68698
-0.804	8.68563
-0.8032	8.68427
-0.8024	8.68292
-0.8016	8.68156
-0.8008	8.68021
-0.8	8.67886
-0.7992	8.67751
-0.7984	8.67617
-0.7976	8.67483
-0.7968	8.67349
-0.796	8.67215
-0.7952	8.67081
-0.7944	8.66948
-0.7936	8.66816
-0.7928	8.66683
-0.792	8.66551
-0.7912	8.6642
-0.7904	8.66289
-0.7896	8.66158
-0.7888	8.66028
-0.788	8.65898
-0.7872	8.65769
-0.7864	8.6564
-0.7856	8.65512
-0.7848	8.65384
-0.784	8.65257
-0.7832	8.65131
-0.7824	8.65005
-0.7816	8.6488
-0.7808	8.64755
-0.78	8.64631
-0.7792	8.64508
-0.7784	8.64386
-0.7776	8.64264
-0.7768	8.64143
-0.776	8.64023
-0.7752	8.63904
-0.7744	8.63785
-0.7736	8.63668
-0.7728	8.63551
-0.772	8.63435
-0.7712	8.6332
-0.7704	8.63205
-0.7696	8.63092
-0.7688	8.6298
-0.768	8.62868
-0.7672	8.62758
-0.7664	8.62648
-0.7656	8.62539
-0.7648	8.62432
-0.764	8.62325
-0.7632	8.6222
-0.7624	8.62115
-0.7616	8.62012
-0.7608	8.61909
-0.76	8.61808
-0.7592	8.61708
-0.7584	8.61608
-0.7576	8.6151
-0.7568	8.61413
-0.756	8.61318
-0.7552	8.61223
-0.7544	8.61129
-0.7536	8.61037
-0.7528	8.60946
-0.752	8.60856
-0.7512	8.60767
-0.7504	8.6068
-0.7496	8.60593
-0.7488	8.60508
-0.748	8.60424
-0.7472	8.60341
-0.7464	8.6026
-0.7456	8.60179
-0.7448	8.601
-0.744	8.60023
-0.7432	8.59946
-0.7424	8.59871
-0.7416	8.59797
-0.7408	8.59724
-0.74	8.59653
-0.7392	8.59582
-0.7384	8.59513
-0.7376	8.59446
-0.7368	8.59379
-0.736	8.59314
-0.7352	8.5925
-0.7344	8.59188
-0.7336	8.59126
-0.7328	8.59066
-0.732	8.59008
-0.7312	8.5895
-0.7304	8.58894
-0.7296	8.58839
-0.7288	8.58785
-0.728	8.58733
-0.7272	8.58681
-0.7264	8.58631
-0.7256	8.58583
-0.7248	8.58535
-0.724	8.58489
-0.7232	8.58444
-0.7224	8.584
-0.7216	8.58357
-0.7208	8.58316
-0.72	8.58276
-0.7192	8.58237
-0.7184	8.58199
-0.7176	8.58162
-0.7168	8.58127
-0.716	8.58092
-0.7152	8.58059
-0.7144	8.58027
-0.7136	8.57996
-0.7128	8.57966
-0.712	8.57937
-0.7112	8.5791
-0.7104	8.57883
-0.7096	8.57858
-0.7088	8.57833
-0.708	8.5781
-0.7072	8.57787
-0.7064	8.57766
-0.7056	8.57745
-0.7048	8.57726
-0.704	8.57707
-0.7032	8.5769
-0.7024	8.57673
-0.7016	8.57657
-0.7008	8.57642
-0.7	8.57628
-0.6992	8.57615
-0.6984	8.57603
-0.6976	8.57592
-0.6968	8.57581
-0.696	8.57571
-0.6952	8.57562
-0.6944	8.57554
-0.6936	8.57546
-0.6928	8.5754
-0.692	8.57534
-0.6912	8.57528
-0.6904	8.57523
-0.6896	8.57519
-0.6888	8.57516
-0.688	8.57513
-0.6872	8.57511
-0.6864	8.57509
-0.6856	8.57508
-0.6848	8.57507
-0.684	8.57507
-0.6832	8.57508
-0.6824	8.57509
-0.6816	8.5751
-0.6808	8.57512
-0.68	8.57514
-0.6792	8.57516
-0.6784	8.57519
-0.6776	8.57522
-0.6768	8.57526
-0.676	8.5753
-0.6752	8.57534
-0.6744	8.57539
-0.6736	8.57543
-0.6728	8.57548
-0.672	8.57553
-0.6712	8.57559
-0.6704	8.57564
-0.6696	8.5757
-0.6688	8.57575
-0.668	8.57581
-0.6672	8.57587
-0.6664	8.57593
-0.6656	8.57599
-0.6648	8.57605
-0.664	8.57611
-0.6632	8.57617
-0.6624	8.57623
-0.6616	8.57629
-0.6608	8.57635
-0.66	8.57641
-0.6592	8.57646
-0.6584	8.57652
-0.6576	8.57657
-0.6568	8.57662
-0.656	8.57667
-0.6552	8.57672
-0.6544	8.57677
-0.6536	8.57681
-0.6528	8.57685
-0.652	8.57689
-0.6512	8.57692
-0.6504	8.57696
-0.6496	8.57699
-0.6488	8.57701
-0.648	8.57703
-0.6472	8.57705
-0.6464	8.57707
-0.6456	8.57708
-0.6448	8.57708
-0.644	8.57709
-0.6432	8.57709
-0.6424	8.57708
-0.6416	8.57707
-0.6408	8.57705
-0.64	8.57703
-0.6392	8.57701
-0.6384	8.57698
-0.6376	8.57694
-0.6368	8.5769
-0.636	8.57686
-0.6352	8.5768
-0.6344	8.57675
-0.6336	8.57668
-0.6328	8.57662
-0.632	8.57654
-0.6312	8.57646
-0.6304	8.57638
-0.6296	8.57628
-0.6288	8.57619
-0.628	8.57608
-0.6272	8.57597
-0.6264	8.57586
-0.6256	8.57573
-0.6248	8.57561
-0.624	8.57547
-0.6232	8.57533
-0.6224	8.57518
-0.6216	8.57503
-0.6208	8.57487
-0.62	8.5747
-0.6192	8.57453
-0.6184	8.57435
-0.6176	8.57416
-0.6168	8.57397
-0.616	8.57377
-0.6152	8.57357
-0.6144	8.57336
-0.6136	8.57314
-0.6128	8.57292
-0.612	8.57269
-0.6112	8.57245
-0.6104	8.57221
-0.6096	8.57196
-0.6088	8.57171
-0.608	8.57145
-0.6072	8.57118
-0.6064	8.57091
-0.6056	8.57063
-0.6048	8.57035
-0.604	8.57006
-0.6032	8.56977
-0.6024	8.56947
-0.6016	8.56917
-0.6008	8.56886
-0.6	8.56854
-0.5992	8.56822
-0.5984	8.5679
-0.5976	8.56757
-0.5968	8.56724
-0.596	8.5669
-0.5952	8.56656
-0.5944	8.56621
-0.5936	8.56586
-0.5928	8.5655
-0.592	8.56515
-0.5912	8.56478
-0.5904	8.56442
-0.5896	8.56405
-0.5888	8.56368
-0.588	8.5633
-0.5872	8.56293
-0.5864	8.56255
-0.5856	8.56216
-0.5848	8.56178
-0.584	8.56139
-0.5832	8.561
-0.5824	8.56061
-0.5816	8.56022
-0.5808	8.55983
-0.58	8.55943
-0.5792	8.55904
-0.5784	8.55864
-0.5776	8.55825
-0.5768	8.55785
-0.576	8.55745
-0.5752	8.55706
-0.5744	8.55666
-0.5736	8.55626
-0.5728	8.55587
-0.572	8.55547
-0.5712	8.55508
-0.5704	8.55469
-0.5696	8.5543
-0.5688	8.55391
-0.568	8.55352
-0.5672	8.55314
-0.5664	8.55276
-0.5656	8.55238
-0.5648	8.552
-0.564	8.55163
-0.5632	8.55126
-0.5624	8.5509
-0.5616	8.55054
-0.5608	8.55018
-0.56	8.54983
-0.5592	8.54948
-0.5584	8.54914
-0.5576	8.5488
-0.5568	8.54846
-0.556	8.54814
-0.5552	8.54782
-0.5544	8.5475
-0.5536	8.54719
-0.5528	8.54689
-0.552	8.54659
-0.5512	8.5463
-0.5504	8.54602
-0.5496	8.54575
-0.5488	8.54548
-0.548	8.54522
-0.5472	8.54497
-0.5464	8.54473
-0.5456	8.5445
-0.5448	8.54427
-0.544	8.54406
-0.5432	8.54385
-0.5424	8.54365
-0.5416	8.54347
-0.5408	8.54329
-0.54	8.54312
-0.5392	8.54296
-0.5384	8.54282
-0.5376	8.54268
-0.5368	8.54256
-0.536	8.54244
-0.5352	8.54234
-0.5344	8.54225
-0.5336	8.54217
-0.5328	8.54211
-0.532	8.54205
-0.5312	8.54201
-0.5304	8.54198
-0.5296	8.54196
-0.5288	8.54196
-0.528	8.54197
-0.5272	8.54199
-0.5264	8.54202
-0.5256	8.54207
-0.5248	8.54213
-0.524	8.54221
-0.5232	8.5423
-0.5224	8.54241
-0.5216	8.54253
-0.5208	8.54266
-0.52	8.54281
-0.5192	8.54297
-0.5184	8.54315
-0.5176	8.54334
-0.5168	8.54355
-0.516	8.54377
-0.5152	8.54401
-0.5144	8.54427
-0.5136	8.54454
-0.5128	8.54482
-0.512	8.54513
-0.5112	8.54544
-0.5104	8.54578
-0.5096	8.54613
-0.5088	8.54649
-0.508	8.54688
-0.5072	8.54728
-0.5064	8.54769
-0.5056	8.54812
-0.5048	8.54857
-0.504	8.54904
-0.5032	8.54952
-0.5024	8.55002
-0.5016	8.55053
-0.5008	8.55107
-0.5	8.55162
-0.4992	8.55218
-0.4984	8.55277
-0.4976	8.55337
-0.4968	8.55398
-0.496	8.55462
-0.4952	8.55527
-0.4944	8.55594
-0.4936	8.55662
-0.4928	8.55733
-0.492	8.55805
-0.4912	8.55878
-0.4904	8.55954
-0.4896	8.56031
-0.4888	8.5611
-0.488	8.5619
-0.4872	8.56272
-0.4864	8.56356
-0.4856	8.56442
-0.4848	8.56529
-0.484	8.56618
-0.4832	8.56708
-0.4824	8.56801
-0.4816	8.56895
-0.4808	8.5699
-0.48	8.57087
-0.4792	8.57186
-0.4784	8.57287
-0.4776	8.57389
-0.4768	8.57492
-0.476	8.57598
-0.4752	8.57705
-0.4744	8.57813
-0.4736	8.57923
-0.4728	8.58035
-0.472	8.58148
-0.4712	8.58263
-0.4704	8.58379
-0.4696	8.58497
-0.4688	8.58616
-0.468	8.58737
-0.4672	8.58859
-0.4664	8.58982
-0.4656	8.59108
-0.4648	8.59234
-0.464	8.59362
-0.4632	8.59492
-0.4624	8.59622
-0.4616	8.59754
-0.4608	8.59888
-0.46	8.60023
-0.4592	8.60159
-0.4584	8.60297
-0.4576	8.60435
-0.4568	8.60575
-0.456	8.60717
-0.4552	8.60859
-0.4544	8.61003
-0.4536	8.61148
-0.4528	8.61294
-0.452	8.61442
-0.4512	8.6159
-0.4504	8.6174
-0.4496	8.61891
-0.4488	8.62043
-0.448	8.62195
-0.4472	8.62349
-0.4464	8.62505
-0.4456	8.62661
-0.4448	8.62818
-0.444	8.62976
-0.4432	8.63135
-0.4424	8.63295
-0.4416	8.63455
-0.4408	8.63617
-0.44	8.6378
-0.4392	8.63943
-0.4384	8.64107
-0.4376	8.64273
-0.4368	8.64439
-0.436	8.64605
-0.4352	8.64773
-0.4344	8.64941
-0.4336	8.6511
-0.4328	8.65279
-0.432	8.65449
-0.4312	8.6562
-0.4304	8.65792
-0.4296	8.65964
-0.4288	8.66137
-0.428	8.6631
-0.4272	8.66484
-0.4264	8.66658
-0.4256	8.66833
-0.4248	8.67008
-0.424	8.67184
-0.4232	8.67361
-0.4224	8.67537
-0.4216	8.67714
-0.4208	8.67892
-0.42	8.6807
-0.4192	8.68248
-0.4184	8.68426
-0.4176	8.68605
-0.4168	8.68785
-0.416	8.68964
-0.4152	8.69144
-0.4144	8.69324
-0.4136	8.69504
-0.4128	8.69684
-0.412	8.69865
-0.4112	8.70046
-0.4104	8.70227
-0.4096	8.70408
-0.4088	8.70589
-0.408	8.7077
-0.4072	8.70952
-0.4064	8.71133
-0.4056	8.71315
-0.4048	8.71496
-0.404	8.71678
-0.4032	8.7186
-0.4024	8.72041
-0.4016	8.72223
-0.4008	8.72405
-0.4	8.72586
-0.3992	8.72768
-0.3984	8.7295
-0.3976	8.73131
-0.3968	8.73313
-0.396	8.73494
-0.3952	8.73675
-0.3944	8.73857
-0.3936	8.74038
-0.3928	8.74219
-0.392	8.744
-0.3912	8.74581
-0.3904	8.74761
-0.3896	8.74942
-0.3888	8.75122
-0.388	8.75302
-0.3872	8.75482
-0.3864	8.75662
-0.3856	8.75842
-0.3848	8.76022
-0.384	8.76201
-0.3832	8.7638
-0.3824	8.76559
-0.3816	8.76738
-0.3808	8.76917
-0.38	8.77096
-0.3792	8.77274
-0.3784	8.77452
-0.3776	8.7763
-0.3768	8.77808
-0.376	8.77986
-0.3752	8.78163
-0.3744	8.78341
-0.3736	8.78518
-0.3728	8.78695
-0.372	8.78872
-0.3712	8.79048
-0.3704	8.79225
-0.3696	8.79401
-0.3688	8.79578
-0.368	8.79754
-0.3672	8.7993
-0.3664	8.80106
-0.3656	8.80282
-0.3648	8.80458
-0.364	8.80633
-0.3632	8.80809
-0.3624	8.80984
-0.3616	8.8116
-0.3608	8.81335
-0.36	8.81511
-0.3592	8.81686
-0.3584	8.81861
-0.3576	8.82037
-0.3568	8.82212
-0.356	8.82388
-0.3552	8.82563
-0.3544	8.82739
-0.3536	8.82914
-0.3528	8.8309
-0.352	8.83266
-0.3512	8.83442
-0.3504	8.83618
-0.3496	8.83794
-0.3488	8.83971
-0.348	8.84148
-0.3472	8.84324
-0.3464	8.84502
-0.3456	8.84679
-0.3448	8.84857
-0.344	8.85035
-0.3432	8.85213
-0.3424	8.85391
-0.3416	8.8557
-0.3408	8.8575
-0.34	8.85929
-0.3392	8.8611
-0.3384	8.8629
-0.3376	8.86471
-0.3368	8.86653
-0.336	8.86835
-0.3352	8.87017
-0.3344	8.87201
-0.3336	8.87384
-0.3328	8.87569
-0.332	8.87754
-0.3312	8.87939
-0.3304	8.88126
-0.3296	8.88313
-0.3288	8.885
-0.328	8.88689
-0.3272	8.88878
-0.3264	8.89068
-0.3256	8.89259
-0.3248	8.89451
-0.324	8.89644
-0.3232	8.89838
-0.3224	8.90032
-0.3216	8.90228
-0.3208	8.90424
-0.32	8.90622
-0.3192	8.9082
-0.3184	8.9102
-0.3176	8.91221
-0.3168	8.91423
-0.316	8.91626
-0.3152	8.9183
-0.3144	8.92035
-0.3136	8.92242
-0.3128	8.9245
-0.312	8.92659
-0.3112	8.9287
-0.3104	8.93082
-0.3096	8.93295
-0.3088	8.9351
-0.308	8.93726
-0.3072	8.93943
-0.3064	8.94162
-0.3056	8.94383
-0.3048	8.94605
-0.304	8.94828
-0.3032	8.95054
-0.3024	8.9528
-0.3016	8.95509
-0.3008	8.95739
-0.3	8.95971
-0.2992	8.96204
-0.2984	8.9644
-0.2976	8.96677
-0.2968	8.96915
-0.296	8.97156
-0.2952	8.97398
-0.2944	8.97643
-0.2936	8.97889
-0.2928	8.98137
-0.292	8.98387
-0.2912	8.98639
-0.2904	8.98893
-0.2896	8.99149
-0.2888	8.99407
-0.288	8.99667
-0.2872	8.99929
-0.2864	9.00193
-0.2856	9.0046
-0.2848	9.00728
-0.284	9.00999
-0.2832	9.01272
-0.2824	9.01547
-0.2816	9.01824
-0.2808	9.02103
-0.28	9.02385
-0.2792	9.02669
-0.2784	9.02955
-0.2776	9.03243
-0.2768	9.03534
-0.276	9.03827
-0.2752	9.04123
-0.2744	9.04421
-0.2736	9.04721
-0.2728	9.05024
-0.272	9.05329
-0.2712	9.05636
-0.2704	9.05946
-0.2696	9.06258
-0.2688	9.06573
-0.268	9.06891
-0.2672	9.0721
-0.2664	9.07533
-0.2656	9.07857
-0.2648	9.08185
-0.264	9.08515
-0.2632	9.08847
-0.2624	9.09182
-0.2616	9.09519
-0.2608	9.09859
-0.26	9.10202
-0.2592	9.10547
-0.2584	9.10895
-0.2576	9.11245
-0.2568	9.11598
-0.256	9.11954
-0.2552	9.12312
-0.2544	9.12673
-0.2536	9.13036
-0.2528	9.13402
-0.252	9.13771
-0.2512	9.14142
-0.2504	9.14516
-0.2496	9.14892
-0.2488	9.15271
-0.248	9.15653
-0.2472	9.16037
-0.2464	9.16424
-0.2456	9.16813
-0.2448	9.17205
-0.244	9.176
-0.2432	9.17997
-0.2424	9.18397
-0.2416	9.188
-0.2408	9.19205
-0.24	9.19612
-0.2392	9.20022
-0.2384	9.20435
-0.2376	9.2085
-0.2368	9.21268
-0.236	9.21688
-0.2352	9.22111
-0.2344	9.22536
-0.2336	9.22964
-0.2328	9.23395
-0.232	9.23827
-0.2312	9.24263
-0.2304	9.247
-0.2296	9.2514
-0.2288	9.25583
-0.228	9.26028
-0.2272	9.26475
-0.2264	9.26925
-0.2256	9.27377
-0.2248	9.27832
-0.224	9.28288
-0.2232	9.28747
-0.2224	9.29209
-0.2216	9.29672
-0.2208	9.30138
-0.22	9.30606
-0.2192	9.31077
-0.2184	9.31549
-0.2176	9.32024
-0.2168	9.32501
-0.216	9.3298
-0.2152	9.33461
-0.2144	9.33944
-0.2136	9.34429
-0.2128	9.34916
-0.212	9.35405
-0.2112	9.35897
-0.2104	9.3639
-0.2096	9.36885
-0.2088	9.37382
-0.208	9.37881
-0.2072	9.38381
-0.2064	9.38884
-0.2056	9.39388
-0.2048	9.39894
-0.204	9.40402
-0.2032	9.40912
-0.2024	9.41423
-0.2016	9.41936
-0.2008	9.4245
-0.2	9.42966
-0.1992	9.43484
-0.1984	9.44003
-0.1976	9.44524
-0.1968	9.45046
-0.196	9.45569
-0.1952	9.46094
-0.1944	9.4662
-0.1936	9.47148
-0.1928	9.47677
-0.192	9.48207
-0.1912	9.48739
-0.1904	9.49271
-0.1896	9.49805
-0.1888	9.5034
-0.188	9.50876
-0.1872	9.51413
-0.1864	9.51951
-0.1856	9.5249
-0.1848	9.5303
-0.184	9.53571
-0.1832	9.54113
-0.1824	9.54655
-0.1816	9.55199
-0.1808	9.55743
-0.18	9.56288
-0.1792	9.56834
-0.1784	9.5738
-0.1776	9.57927
-0.1768	9.58475
-0.176	9.59023
-0.1752	9.59571
-0.1744	9.6012
-0.1736	9.6067
-0.1728	9.6122
-0.172	9.6177
-0.1712	9.6232
-0.1704	9.62871
-0.1696	9.63422
-0.1688	9.63974
-0.168	9.64525
-0.1672	9.65077
-0.1664	9.65628
-0.1656	9.6618
-0.1648	9.66732
-0.164	9.67284
-0.1632	9.67835
-0.1624	9.68387
-0.1616	9.68938
-0.1608	9.6949
-0.16	9.70041
-0.1592	9.70591
-0.1584	9.71142
-0.1576	9.71692
-0.1568	9.72242
-0.156	9.72791
-0.1552	9.7334
-0.1544	9.73889
-0.1536	9.74437
-0.1528	9.74984
-0.152	9.75531
-0.1512	9.76077
-0.1504	9.76622
-0.1496	9.77167
-0.1488	9.77711
-0.148	9.78255
-0.1472	9.78797
-0.1464	9.79339
-0.1456	9.79879
-0.1448	9.80419
-0.144	9.80958
-0.1432	9.81496
-0.1424	9.82033
-0.1416	9.82568
-0.1408	9.83103
-0.14	9.83637
-0.1392	9.84169
-0.1384	9.847
-0.1376	9.8523
-0.1368	9.85759
-0.136	9.86286
-0.1352	9.86812
-0.1344	9.87337
-0.1336	9.8786
-0.1328	9.88382
-0.132	9.88902
-0.1312	9.89421
-0.1304	9.89938
-0.1296	9.90454
-0.1288	9.90968
-0.128	9.9148
-0.1272	9.91991
-0.1264	9.925
-0.1256	9.93007
-0.1248	9.93513
-0.124	9.94017
-0.1232	9.94519
-0.1224	9.95019
-0.1216	9.95517
-0.1208	9.96013
-0.12	9.96508
-0.1192	9.97
-0.1184	9.97491
-0.1176	9.97979
-0.1168	9.98465
-0.116	9.9895
-0.1152	9.99432
-0.1144	9.99912
-0.1136	10.0039
-0.1128	10.0087
-0.112	10.0134
-0.1112	10.0181
-0.1104	10.0228
-0.1096	10.0275
-0.1088	10.0321
-0.108	10.0367
-0.1072	10.0413
-0.1064	10.0459
-0.1056	10.0504
-0.1048	10.055
-0.104	10.0595
-0.1032	10.0639
-0.1024	10.0684
-0.1016	10.0728
-0.1008	10.0772
-0.1	10.0816
-0.0992	10.0859
-0.0984	10.0902
-0.0976	10.0945
-0.0968	10.0988
-0.096	10.103
-0.0952	10.1073
-0.0944	10.1114
-0.0936	10.1156
-0.0928	10.1197
-0.092	10.1238
-0.0912	10.1279
-0.0904	10.132
-0.0896	10.136
-0.0888	10.14
-0.088	10.1439
-0.0872	10.1479
-0.0864	10.1518
-0.0856	10.1556
-0.0848	10.1595
-0.084	10.1633
-0.0832	10.1671
-0.0824	10.1708
-0.0816	10.1745
-0.0808	10.1782
-0.08	10.1819
-0.0792	10.1855
-0.0784	10.1891
-0.0776	10.1927
-0.0768	10.1962
-0.076	10.1997
-0.0752	10.2032
-0.0744	10.2066
-0.0736	10.2101
-0.0728	10.2134
-0.072	10.2168
-0.0712	10.2201
-0.0704	10.2234
-0.0696	10.2266
-0.0688	10.2298
-0.068	10.233
-0.0672	10.2362
-0.0664	10.2393
-0.0656	10.2424
-0.0648	10.2454
-0.064	10.2484
-0.0632	10.2514
-0.0624	10.2544
-0.0616	10.2573
-0.0608	10.2602
-0.06	10.263
-0.0592	10.2658
-0.0584	10.2686
-0.0576	10.2713
-0.0568	10.274
-0.056	10.2767
-0.0552	10.2794
-0.0544	10.282
-0.0536	10.2845
-0.0528	10.2871
-0.052	10.2896
-0.0512	10.292
-0.0504	10.2945
-0.0496	10.2968
-0.0488	10.2992
-0.048	10.3015
-0.0472	10.3038
-0.0464	10.306
-0.0456	10.3083
-0.0448	10.3104
-0.044	10.3126
-0.0432	10.3147
-0.0424	10.3167
-0.0416	10.3188
-0.0408	10.3208
-0.04	10.3227
-0.0392	10.3246
-0.0384	10.3265
-0.0376	10.3284
-0.0368	10.3302
-0.036	10.3319
-0.0352	10.3337
-0.0344	10.3354
-0.0336	10.337
-0.0328	10.3387
-0.032	10.3402
-0.0312	10.3418
-0.0304	10.3433
-0.0296	10.3448
-0.0288	10.3462
-0.028	10.3476
-0.0272	10.349
-0.0264	10.3503
-0.0256	10.3516
-0.0248	10.3528
-0.024	10.354
-0.0232	10.3552
-0.0224	10.3563
-0.0216	10.3574
-0.0208	10.3585
-0.02	10.3595
-0.0192	10.3605
-0.0184	10.3614
-0.0176	10.3623
-0.0168	10.3632
-0.016	10.364
-0.0152	10.3648
-0.0144	10.3655
-0.0136	10.3662
-0.0128	10.3669
-0.012	10.3675
-0.0112	10.3681
-0.0104	10.3687
-0.0096	10.3692
-0.0088	10.3697
-0.008	10.3701
-0.0072	10.3705
-0.0064	10.3709
-0.0056	10.3712
-0.0048	10.3715
-0.004	10.3717
-0.0032	10.3719
-0.0024	10.3721
-0.0016	10.3722
-0.0008	10.3723
-2.22045e-16	10.3724
0.0008	10.3724
0.0016	10.3724
0.0024	10.3723
0.0032	10.3722
0.004	10.372
0.0048	10.3719
0.0056	10.3716
0.0064	10.3714
0.0072	10.3711
0.008	10.3707
0.0088	10.3704
0.0096	10.37
0.0104	10.3695
0.0112	10.369
0.012	10.3685
0.0128	10.3679
0.0136	10.3673
0.0144	10.3667
0.0152	10.366
0.016	10.3652
0.0168	10.3645
0.0176	10.3637
0.0184	10.3628
0.0192	10.362
0.02	10.361
0.0208	10.3601
0.0216	10.3591
0.0224	10.3581
0.0232	10.357
0.024	10.3559
0.0248	10.3548
0.0256	10.3536
0.0264	10.3523
0.0272	10.3511
0.028	10.3498
0.0288	10.3485
0.0296	10.3471
0.0304	10.3457
0.0312	10.3442
0.032	10.3427
0.0328	10.3412
0.0336	10.3397
0.0344	10.3381
0.0352	10.3364
0.036	10.3348
0.0368	10.3331
0.0376	10.3313
0.0384	10.3295
0.0392	10.3277
0.04	10.3258
0.0408	10.324
0.0416	10.322
0.0424	10.3201
0.0432	10.3181
0.044	10.316
0.0448	10.3139
0.0456	10.3118
0.0464	10.3097
0.0472	10.3075
0.048	10.3053
0.0488	10.303
0.0496	10.3007
0.0504	10.2984
0.0512	10.296
0.052	10.2936
0.0528	10.2912
0.0536	10.2887
0.0544	10.2862
0.0552	10.2837
0.056	10.2811
0.0568	10.2785
0.0576	10.2758
0.0584	10.2732
0.0592	10.2704
0.06	10.2677
0.0608	10.2649
0.0616	10.2621
0.0624	10.2592
0.0632	10.2564
0.064	10.2534
0.0648	10.2505
0.0656	10.2475
0.0664	10.2445
0.0672	10.2414
0.068	10.2383
0.0688	10.2352
0.0696	10.2321
0.0704	10.2289
0.0712	10.2257
0.072	10.2224
0.0728	10.2191
0.0736	10.2158
0.0744	10.2125
0.0752	10.2091
0.076	10.2057
0.0768	10.2022
0.0776	10.1988
0.0784	10.1953
0.0792	10.1917
0.08	10.1882
0.0808	10.1846
0.0816	10.1809
0.0824	10.1773
0.0832	10.1736
0.084	10.1699
0.0848	10.1661
0.0856	10.1623
0.0864	10.1585
0.0872	10.1547
0.088	10.1508
0.0888	10.1469
0.0896	10.143
0.0904	10.139
0.0912	10.1351
0.092	10.131
0.0928	10.127
0.0936	10.1229
0.0944	10.1188
0.0952	10.1147
0.096	10.1106
0.0968	10.1064
0.0976	10.1022
0.0984	10.098
0.0992	10.0937
0.1	10.0894
0.1008	10.0851
0.1016	10.0808
0.1024	10.0764
0.1032	10.072
0.104	10.0676
0.1048	10.0632
0.1056	10.0587
0.1064	10.0542
0.1072	10.0497
0.108	10.0452
0.1088	10.0406
0.1096	10.0361
0.1104	10.0315
0.1112	10.0268
0.112	10.0222
0.1128	10.0175
0.1136	10.0128
0.1144	10.0081
0.1152	10.0034
0.116	9.99861
0.1168	9.99383
0.1176	9.98903
0.1184	9.98421
0.1192	9.97937
0.12	9.97451
0.1208	9.96963
0.1216	9.96473
0.1224	9.95981
0.1232	9.95487
0.124	9.94992
0.1248	9.94494
0.1256	9.93995
0.1264	9.93494
0.1272	9.92991
0.128	9.92487
0.1288	9.91981
0.1296	9.91473
0.1304	9.90964
0.1312	9.90453
0.132	9.89941
0.1328	9.89427
0.1336	9.88912
0.1344	9.88395
0.1352	9.87877
0.136	9.87357
0.1368	9.86836
0.1376	9.86314
0.1384	9.8579
0.1392	9.85266
0.14	9.8474
0.1408	9.84213
0.1416	9.83684
0.1424	9.83155
0.1432	9.82625
0.144	9.82093
0.1448	9.81561
0.1456	9.81027
0.1464	9.80493
0.1472	9.79958
0.148	9.79422
0.1488	9.78885
0.1496	9.78348
0.1504	9.77809
0.1512	9.7727
0.152	9.7673
0.1528	9.7619
0.1536	9.75649
0.1544	9.75108
0.1552	9.74566
0.156	9.74023
0.1568	9.7348
0.1576	9.72937
0.1584	9.72393
0.1592	9.71849
0.16	9.71305
0.1608	9.7076
0.1616	9.70216
0.1624	9.69671
0.1632	9.69126
0.164	9.6858
0.1648	9.68035
0.1656	9.6749
0.1664	9.66945
0.1672	9.664
0.168	9.65854
0.1688	9.6531
0.1696	9.64765
0.1704	9.6422
0.1712	9.63676
0.172	9.63132
0.1728	9.62588
0.1736	9.62045
0.1744	9.61502
0.1752	9.60959
0.176	9.60417
0.1768	9.59876
0.1776	9.59335
0.1784	9.58794
0.1792	9.58254
0.18	9.57715
0.1808	9.57177
0.1816	9.56639
0.1824	9.56102
0.1832	9.55566
0.184	9.55031
0.1848	9.54497
0.1856	9.53963
0.1864	9.53431
0.1872	9.52899
0.188	9.52369
0.1888	9.51839
0.1896	9.51311
0.1904	9.50784
0.1912	9.50258
0.192	9.49733
0.1928	9.49209
0.1936	9.48687
0.1944	9.48166
0.1952	9.47646
0.196	9.47128
0.1968	9.46611
0.1976	9.46095
0.1984	9.45581
0.1992	9.45069
0.2	9.44558
0.2008	9.44048
0.2016	9.4354
0.2024	9.43034
0.2032	9.4253
0.204	9.42027
0.2048	9.41525
0.2056	9.41026
0.2064	9.40528
0.2072	9.40032
0.208	9.39538
0.2088	9.39046
0.2096	9.38556
0.2104	9.38067
0.2112	9.37581
0.212	9.37096
0.2128	9.36614
0.2136	9.36133
0.2144	9.35655
0.2152	9.35178
0.216	9.34704
0.2168	9.34232
0.2176	9.33762
0.2184	9.33294
0.2192	9.32828
0.22	9.32364
0.2208	9.31903
0.2216	9.31444
0.2224	9.30987
0.2232	9.30532
0.224	9.3008
0.2248	9.2963
0.2256	9.29182
0.2264	9.28737
0.2272	9.28294
0.228	9.27853
0.2288	9.27415
0.2296	9.26979
0.2304	9.26545
0.2312	9.26115
0.232	9.25686
0.2328	9.2526
0.2336	9.24836
0.2344	9.24415
0.2352	9.23997
0.236	9.23581
0.2368	9.23167
0.2376	9.22756
0.2384	9.22348
0.2392	9.21942
0.24	9.21538
0.2408	9.21138
0.2416	9.20739
0.2424	9.20344
0.2432	9.19951
0.244	9.1956
0.2448	9.19172
0.2456	9.18787
0.2464	9.18405
0.2472	9.18024
0.248	9.17647
0.2488	9.17272
0.2496	9.169
0.2504	9.1653
0.2512	9.16163
0.252	9.15799
0.2528	9.15437
0.2536	9.15078
0.2544	9.14722
0.2552	9.14368
0.256	9.14017
0.2568	9.13668
0.2576	9.13322
0.2584	9.12978
0.2592	9.12637
0.26	9.12299
0.2608	9.11963
0.2616	9.1163
0.2624	9.113
0.2632	9.10972
0.264	9.10646
0.2648	9.10323
0.2656	9.10003
0.2664	9.09685
0.2672	9.09369
0.268	9.09057
0.2688	9.08746
0.2696	9.08438
0.2704	9.08133
0.2712	9.0783
0.272	9.07529
0.2728	9.07231
0.2736	9.06936
0.2744	9.06642
0.2752	9.06351
0.276	9.06063
0.2768	9.05777
0.2776	9.05493
0.2784	9.05211
0.2792	9.04932
0.28	9.04655
0.2808	9.0438
0.2816	9.04108
0.2824	9.03838
0.2832	9.0357
0.284	9.03304
0.2848	9.03041
0.2856	9.02779
0.2864	9.0252
0.2872	9.02263
0.288	9.02008
0.2888	9.01754
0.2896	9.01504
0.2904	9.01255
0.2912	9.01008
0.292	9.00763
0.2928	9.0052
0.2936	9.00279
0.2944	9.0004
0.2952	8.99802
0.296	8.99567
0.2968	8.99333
0.2976	8.99102
0.2984	8.98872
0.2992	8.98644
0.3	8.98417
0.3008	8.98192
0.3016	8.97969
0.3024	8.97748
0.3032	8.97528
0.304	8.9731
0.3048	8.97094
0.3056	8.96879
0.3064	8.96665
0.3072	8.96454
0.308	8.96243
0.3088	8.96034
0.3096	8.95827
0.3104	8.95621
0.3112	8.95416
0.312	8.95213
0.3128	8.95011
0.3136	8.9481
0.3144	8.9461
0.3152	8.94412
0.316	8.94215
0.3168	8.94019
0.3176	8.93824
0.3184	8.93631
0.3192	8.93438
0.32	8.93247
0.3208	8.93057
0.3216	8.92867
0.3224	8.92679
0.3232	8.92492
0.324	8.92305
0.3248	8.9212
0.3256	8.91935
0.3264	8.91752
0.3272	8.91569
0.328	8.91387
0.3288	8.91206
0.3296	8.91025
0.3304	8.90845
0.3312	8.90666
0.332	8.90488
0.3328	8.9031
0.3336	8.90133
0.3344	8.89957
0.3352	8.89781
0.336	8.89606
0.3368	8.89431
0.3376	8.89257
0.3384	8.89083
0.3392	8.8891
0.34	8.88737
0.3408	8.88565
0.3416	8.88393
0.3424	8.88221
0.3432	8.8805
0.344	8.87879
0.3448	8.87708
0.3456	8.87538
0.3464	8.87368
0.3472	8.87199
0.348	8.87029
0.3488	8.8686
0.3496	8.86691
0.3504	8.86522
0.3512	8.86353
0.352	8.86185
0.3528	8.86016
0.3536	8.85848
0.3544	8.8568
0.3552	8.85512
0.356	8.85344
0.3568	8.85176
0.3576	8.85008
0.3584	8.8484
0.3592	8.84672
0.36	8.84504
0.3608	8.84336
0.3616	8.84168
0.3624	8.84
0.3632	8.83832
0.364	8.83664
0.3648	8.83496
0.3656	8.83328
0.3664	8.8316
0.3672	8.82991
0.368	8.82823
0.3688	8.82654
0.3696	8.82485
0.3704	8.82317
0.3712	8.82148
0.372	8.81978
0.3728	8.81809
0.3736	8.8164
0.3744	8.8147
0.3752	8.813
0.376	8.81131
0.3768	8.8096
0.3776	8.8079
0.3784	8.8062
0.3792	8.80449
0.38	8.80279
0.3808	8.80108
0.3816	8.79937
0.3824	8.79765
0.3832	8.79594
0.384	8.79422
0.3848	8.79251
0.3856	8.79079
0.3864	8.78907
0.3872	8.78735
0.388	8.78562
0.3888	8.7839
0.3896	8.78217
0.3904	8.78044
0.3912	8.77871
0.392	8.77698
0.3928	8.77525
0.3936	8.77352
0.3944	8.77179
0.3952	8.77005
0.396	8.76832
0.3968	8.76658
0.3976	8.76484
0.3984	8.76311
0.3992	8.76137
0.4	8.75963
0.4008	8.75789
0.4016	8.75615
0.4024	8.75441
0.4032	8.75268
0.404	8.75094
0.4048	8.7492
0.4056	8.74746
0.4064	8.74573
0.4072	8.74399
0.408	8.74225
0.4088	8.74052
0.4096	8.73879
0.4104	8.73706
0.4112	8.73533
0.412	8.7336
0.4128	8.73187
0.4136	8.73015
0.4144	8.72842
0.4152	8.7267
0.416	8.72499
0.4168	8.72327
0.4176	8.72156
0.4184	8.71985
0.4192	8.71815
0.42	8.71644
0.4208	8.71475
0.4216	8.71305
0.4224	8.71136
0.4232	8.70967
0.424	8.70799
0.4248	8.70631
0.4256	8.70464
0.4264	8.70297
0.4272	8.70131
0.428	8.69965
0.4288	8.698
0.4296	8.69635
0.4304	8.69471
0.4312	8.69308
0.432	8.69145
0.4328	8.68983
0.4336	8.68822
0.4344	8.68661
0.4352	8.68501
0.436	8.68342
0.4368	8.68183
0.4376	8.68025
0.4384	8.67868
0.4392	8.67712
0.44	8.67557
0.4408	8.67403
0.4416	8.67249
0.4424	8.67097
0.4432	8.66945
0.444	8.66794
0.4448	8.66644
0.4456	8.66496
0.4464	8.66348
0.4472	8.66201
0.448	8.66055
0.4488	8.65911
0.4496	8.65767
0.4504	8.65625
0.4512	8.65483
0.452	8.65343
0.4528	8.65204
0.4536	8.65066
0.4544	8.64929
0.4552	8.64794
0.456	8.6466
0.4568	8.64527
0.4576	8.64395
0.4584	8.64265
0.4592	8.64136
0.46	8.64008
0.4608	8.63881
0.4616	8.63756
0.4624	8.63633
0.4632	8.6351
0.464	8.63389
0.4648	8.6327
0.4656	8.63152
0.4664	8.63035
0.4672	8.6292
0.468	8.62806
0.4688	8.62694
0.4696	8.62583
0.4704	8.62474
0.4712	8.62366
0.472	8.6226
0.4728	8.62155
0.4736	8.62052
0.4744	8.61951
0.4752	8.61851
0.476	8.61753
0.4768	8.61656
0.4776	8.61561
0.4784	8.61467
0.4792	8.61376
0.48	8.61285
0.4808	8.61197
0.4816	8.6111
0.4824	8.61025
0.4832	8.60941
0.484	8.60859
0.4848	8.60779
0.4856	8.607
0.4864	8.60624
0.4872	8.60548
0.488	8.60475
0.4888	8.60403
0.4896	8.60333
0.4904	8.60265
0.4912	8.60198
0.492	8.60133
0.4928	8.6007
0.4936	8.60009
0.4944	8.59949
0.4952	8.59891
0.496	8.59834
0.4968	8.5978
0.4976	8.59727
0.4984	8.59676
0.4992	8.59626
0.5	8.59578
0.5008	8.59532
0.5016	8.59488
0.5024	8.59445
0.5032	8.59404
0.504	8.59365
0.5048	8.59327
0.5056	8.59291
0.5064	8.59257
0.5072	8.59225
0.508	8.59194
0.5088	8.59164
0.5096	8.59137
0.5104	8.59111
0.5112	8.59086
0.512	8.59063
0.5128	8.59042
0.5136	8.59023
0.5144	8.59005
0.5152	8.58988
0.516	8.58973
0.5168	8.5896
0.5176	8.58948
0.5184	8.58938
0.5192	8.58929
0.52	8.58922
0.5208	8.58917
0.5216	8.58912
0.5224	8.5891
0.5232	8.58908
0.524	8.58908
0.5248	8.5891
0.5256	8.58913
0.5264	8.58917
0.5272	8.58923
0.528	8.5893
0.5288	8.58938
0.5296	8.58948
0.5304	8.58959
0.5312	8.58971
0.532	8.58984
0.5328	8.58999
0.5336	8.59015
0.5344	8.59032
0.5352	8.59051
0.536	8.5907
0.5368	8.59091
0.5376	8.59113
0.5384	8.59136
0.5392	8.5916
0.54	8.59185
0.5408	8.59211
0.5416	8.59238
0.5424	8.59266
0.5432	8.59295
0.544	8.59325
0.5448	8.59356
0.5456	8.59388
0.5464	8.59421
0.5472	8.59455
0.548	8.59489
0.5488	8.59525
0.5496	8.59561
0.5504	8.59598
0.5512	8.59636
0.552	8.59674
0.5528	8.59713
0.5536	8.59753
0.5544	8.59794
0.5552	8.59835
0.556	8.59876
0.5568	8.59919
0.5576	8.59962
0.5584	8.60005
0.5592	8.60049
0.56	8.60094
0.5608	8.60138
0.5616	8.60184
0.5624	8.6023
0.5632	8.60276
0.564	8.60323
0.5648	8.6037
0.5656	8.60417
0.5664	8.60464
0.5672	8.60512
0.568	8.60561
0.5688	8.60609
0.5696	8.60658
0.5704	8.60706
0.5712	8.60755
0.572	8.60805
0.5728	8.60854
0.5736	8.60903
0.5744	8.60953
0.5752	8.61002
0.576	8.61052
0.5768	8.61101
0.5776	8.61151
0.5784	8.61201
0.5792	8.6125
0.58	8.613
0.5808	8.61349
0.5816	8.61398
0.5824	8.61448
0.5832	8.61497
0.584	8.61546
0.5848	8.61594
0.5856	8.61643
0.5864	8.61691
0.5872	8.61739
0.588	8.61787
0.5888	8.61835
0.5896	8.61882
0.5904	8.61929
0.5912	8.61976
0.592	8.62022
0.5928	8.62068
0.5936	8.62114
0.5944	8.62159
0.5952	8.62204
0.596	8.62248
0.5968	8.62292
0.5976	8.62336
0.5984	8.62379
0.5992	8.62422
0.6	8.62464
0.6008	8.62506
0.6016	8.62547
0.6024	8.62588
0.6032	8.62628
0.604	8.62668
0.6048	8.62707
0.6056	8.62745
0.6064	8.62784
0.6072	8.62821
0.608	8.62858
0.6088	8.62895
0.6096	8.6293
0.6104	8.62966
0.6112	8.63
0.612	8.63034
0.6128	8.63068
0.6136	8.63101
0.6144	8.63133
0.6152	8.63165
0.616	8.63196
0.6168	8.63226
0.6176	8.63256
0.6184	8.63285
0.6192	8.63314
0.62	8.63341
0.6208	8.63369
0.6216	8.63395
0.6224	8.63421
0.6232	8.63447
0.624	8.63472
0.6248	8.63496
0.6256	8.6352
0.6264	8.63543
0.6272	8.63565
0.628	8.63587
0.6288	8.63608
0.6296	8.63628
0.6304	8.63648
0.6312	8.63668
0.632	8.63687
0.6328	8.63705
0.6336	8.63723
0.6344	8.6374
0.6352	8.63756
0.636	8.63772
0.6368	8.63788
0.6376	8.63803
0.6384	8.63817
0.6392	8.63831
0.64	8.63845
0.6408	8.63858
0.6416	8.63871
0.6424	8.63883
0.6432	8.63894
0.644	8.63906
0.6448	8.63916
0.6456	8.63927
0.6464	8.63937
0.6472	8.63947
0.648	8.63956
0.6488	8.63965
0.6496	8.63973
0.6504	8.63982
0.6512	8.6399
0.652	8.63997
0.6528	8.64005
0.6536	8.64012
0.6544	8.64019
0.6552	8.64026
0.656	8.64032
0.6568	8.64038
0.6576	8.64045
0.6584	8.64051
0.6592	8.64057
0.66	8.64062
0.6608	8.64068
0.6616	8.64073
0.6624	8.64079
0.6632	8.64084
0.664	8.6409
0.6648	8.64095
0.6656	8.64101
0.6664	8.64106
0.6672	8.64112
0.668	8.64118
0.6688	8.64123
0.6696	8.64129
0.6704	8.64135
0.6712	8.64141
0.672	8.64148
0.6728	8.64154
0.6736	8.64161
0.6744	8.64168
0.6752	8.64175
0.676	8.64183
0.6768	8.64191
0.6776	8.64199
0.6784	8.64207
0.6792	8.64216
0.68	8.64225
0.6808	8.64235
0.6816	8.64245
0.6824	8.64256
0.6832	8.64267
0.684	8.64278
0.6848	8.6429
0.6856	8.64303
0.6864	8.64316
0.6872	8.64329
0.688	8.64344
0.6888	8.64359
0.6896	8.64374
0.6904	8.6439
0.6912	8.64407
0.692	8.64424
0.6928	8.64443
0.6936	8.64461
0.6944	8.64481
0.6952	8.64501
0.696	8.64523
0.6968	8.64545
0.6976	8.64567
0.6984	8.64591
0.6992	8.64615
0.7	8.64641
0.7008	8.64667
0.7016	8.64694
0.7024	8.64722
0.7032	8.64751
0.704	8.64781
0.7048	8.64812
0.7056	8.64844
0.7064	8.64877
0.7072	8.64911
0.708	8.64945
0.7088	8.64981
0.7096	8.65018
0.7104	8.65056
0.7112	8.65095
0.712	8.65136
0.7128	8.65177
0.7136	8.65219
0.7144	8.65263
0.7152	8.65308
0.716	8.65354
0.7168	8.65401
0.7176	8.65449
0.7184	8.65498
0.7192	8.65549
0.72	8.656
0.7208	8.65653
0.7216	8.65708
0.7224	8.65763
0.7232	8.6582
0.724	8.65877
0.7248	8.65936
0.7256	8.65997
0.7264	8.66058
0.7272	8.66121
0.728	8.66185
0.7288	8.66251
0.7296	8.66318
0.7304	8.66385
0.7312	8.66455
0.732	8.66525
0.7328	8.66597
0.7336	8.6667
0.7344	8.66745
0.7352	8.6682
0.736	8.66897
0.7368	8.66976
0.7376	8.67055
0.7384	8.67136
0.7392	8.67218
0.74	8.67302
0.7408	8.67386
0.7416	8.67472
0.7424	8.6756
0.7432	8.67648
0.744	8.67738
0.7448	8.67829
0.7456	8.67921
0.7464	8.68015
0.7472	8.6811
0.748	8.68206
0.7488	8.68304
0.7496	8.68402
0.7504	8.68502
0.7512	8.68603
0.752	8.68706
0.7528	8.68809
0.7536	8.68914
0.7544	8.6902
0.7552	8.69127
0.756	8.69235
0.7568	8.69345
0.7576	8.69455
0.7584	8.69567
0.7592	8.6968
0.76	8.69794
0.7608	8.69909
0.7616	8.70025
0.7624	8.70143
0.7632	8.70261
0.764	8.7038
0.7648	8.70501
0.7656	8.70622
0.7664	8.70745
0.7672	8.70869
0.768	8.70993
0.7688	8.71119
0.7696	8.71245
0.7704	8.71372
0.7712	8.71501
0.772	8.7163
0.7728	8.7176
0.7736	8.71891
0.7744	8.72023
0.7752	8.72156
0.776	8.72289
0.7768	8.72424
0.7776	8.72559
0.7784	8.72695
0.7792	8.72831
0.78	8.72969
0.7808	8.73107
0.7816	8.73246
0.7824	8.73385
0.7832	8.73526
0.784	8.73666
0.7848	8.73808
0.7856	8.7395
0.7864	8.74093
0.7872	8.74236
0.788	8.7438
0.7888	8.74524
0.7896	8.74669
0.7904	8.74814
0.7912	8.7496
0.792	8.75106
0.7928	8.75253
0.7936	8.754
0.7944	8.75548
0.7952	8.75696
0.796	8.75844
0.7968	8.75992
0.7976	8.76141
0.7984	8.7629
0.7992	8.7644
0.8	8.76589
0.8008	8.76739
0.8016	8.7689
0.8024	8.7704
0.8032	8.7719
0.804	8.77341
0.8048	8.77492
0.8056	8.77643
0.8064	8.77794
0.8072	8.77945
0.808	8.78096
0.8088	8.78247
0.8096	8.78399
0.8104	8.7855
0.8112	8.78701
0.812	8.78852
0.8128	8.79003
0.8136	8.79154
0.8144	8.79305
0.8152	8.79456
0.816	8.79607
0.8168	8.79758
0.8176	8.79908
0.8184	8.80059
0.8192	8.80209
0.82	8.80359
0.8208	8.80508
0.8216	8.80658
0.8224	8.80807
0.8232	8.80956
0.824	8.81105
0.8248	8.81253
0.8256	8.81402
0.8264	8.81549
0.8272	8.81697
0.828	8.81844
0.8288	8.81991
0.8296	8.82137
0.8304	8.82283
0.8312	8.82429
0.832	8.82574
0.8328	8.82719
0.8336	8.82864
0.8344	8.83008
0.8352	8.83151
0.836	8.83294
0.8368	8.83437
0.8376	8.83579
0.8384	8.83721
0.8392	8.83862
0.84	8.84003
0.8408	8.84144
0.8416	8.84283
0.8424	8.84423
0.8432	8.84561
0.844	8.847
0.8448	8.84837
0.8456	8.84975
0.8464	8.85111
0.8472	8.85248
0.848	8.85383
0.8488	8.85518
0.8496	8.85653
0.8504	8.85787
0.8512	8.8592
0.852	8.86053
0.8528	8.86186
0.8536	8.86317
0.8544	8.86449
0.8552	8.86579
0.856	8.8671
0.8568	8.86839
0.8576	8.86968
0.8584	8.87097
0.8592	8.87225
0.86	8.87353
0.8608	8.8748
0.8616	8.87606
0.8624	8.87732
0.8632	8.87858
0.864	8.87983
0.8648	8.88107
0.8656	8.88231
0.8664	8.88355
0.8672	8.88478
0.868	8.886
0.8688	8.88722
0.8696	8.88844
0.8704	8.88965
0.8712	8.89086
0.872	8.89206
0.8728	8.89326
0.8736	8.89445
0.8744	8.89564
0.8752	8.89683
0.876	8.89801
0.8768	8.89919
0.8776	8.90037
0.8784	8.90154
0.8792	8.90271
0.88	8.90388
0.8808	8.90504
0.8816	8.9062
0.8824	8.90736
0.8832	8.90851
0.884	8.90966
0.8848	8.91081
0.8856	8.91196
0.8864	8.91311
0.8872	8.91425
0.888	8.91539
0.8888	8.91653
0.8896	8.91767
0.8904	8.91881
0.8912	8.91994
0.892	8.92108
0.8928	8.92221
0.8936	8.92335
0.8944	8.92448
0.8952	8.92562
0.896	8.92675
0.8968	8.92788
0.8976	8.92902
0.8984	8.93015
0.8992	8.93128
0.9	8.93242
0.9008	8.93356
0.9016	8.93469
0.9024	8.93583
0.9032	8.93697
0.904	8.93811
0.9048	8.93926
0.9056	8.9404
0.9064	8.94155
0.9072	8.9427
0.908	8.94385
0.9088	8.94501
0.9096	8.94617
0.9104	8.94733
0.9112	8.94849
0.912	8.94966
0.9128	8.95084
0.9136	8.95201
0.9144	8.95319
0.9152	8.95438
0.916	8.95556
0.9168	8.95676
0.9176	8.95796
0.9184	8.95916
0.9192	8.96037
0.92	8.96158
0.9208	8.9628
0.9216	8.96402
0.9224	8.96525
0.9232	8.96649
0.924	8.96773
0.9248	8.96898
0.9256	8.97024
0.9264	8.9715
0.9272	8.97277
0.928	8.97404
0.9288	8.97532
0.9296	8.97661
0.9304	8.97791
0.9312	8.97922
0.932	8.98053
0.9328	8.98185
0.9336	8.98318
0.9344	8.98451
0.9352	8.98586
0.936	8.98721
0.9368	8.98857
0.9376	8.98994
0.9384	8.99132
0.9392	8.99271
0.94	8.99411
0.9408	8.99551
0.9416	8.99693
0.9424	8.99835
0.9432	8.99978
0.944	9.00123
0.9448	9.00268
0.9456	9.00414
0.9464	9.00562
0.9472	9.0071
0.948	9.00859
0.9488	9.01009
0.9496	9.01161
0.9504	9.01313
0.9512	9.01466
0.952	9.01621
0.9528	9.01776
0.9536	9.01933
0.9544	9.0209
0.9552	9.02249
0.956	9.02409
0.9568	9.02569
0.9576	9.02731
0.9584	9.02894
0.9592	9.03058
0.96	9.03223
0.9608	9.03389
0.9616	9.03556
0.9624	9.03725
0.9632	9.03894
0.964	9.04065
0.9648	9.04236
0.9656	9.04409
0.9664	9.04583
0.9672	9.04758
0.968	9.04934
0.9688	9.05111
0.9696	9.05289
0.9704	9.05468
0.9712	9.05649
0.972	9.0583
0.9728	9.06013
0.9736	9.06196
0.9744	9.06381
0.9752	9.06567
0.976	9.06754
0.9768	9.06942
0.9776	9.07131
0.9784	9.07321
0.9792	9.07512
0.98	9.07704
0.9808	9.07897
0.9816	9.08091
0.9824	9.08286
0.9832	9.08482
0.984	9.08679
0.9848	9.08877
0.9856	9.09077
0.9864	9.09277
0.9872	9.09478
0.988	9.0968
0.9888	9.09883
0.9896	9.10087
0.9904	9.10292
0.9912	9.10497
0.992	9.10704
0.9928	9.10911
0.9936	9.1112
0.9944	9.11329
0.9952	9.11539
0.996	9.1175
0.9968	9.11962
0.9976	9.12175
0.9984	9.12388
0.9992	9.12602
1	9.12817
1.0008	9.13033
1.0016	9.1325
1.0024	9.13467
1.0032	9.13685
1.004	9.13904
1.0048	9.14123
1.0056	9.14343
1.0064	9.14564
1.0072	9.14785
1.008	9.15007
1.0088	9.1523
1.0096	9.15453
1.0104	9.15677
1.0112	9.15901
1.012	9.16126
1.0128	9.16352
1.0136	9.16578
1.0144	9.16804
1.0152	9.17031
1.016	9.17259
1.0168	9.17487
1.0176	9.17715
1.0184	9.17944
1.0192	9.18173
1.02	9.18403
1.0208	9.18633
1.0216	9.18863
1.0224	9.19094
1.0232	9.19325
1.024	9.19557
1.0248	9.19788
1.0256	9.2002
1.0264	9.20253
1.0272	9.20485
1.028	9.20718
1.0288	9.20951
1.0296	9.21184
1.0304	9.21417
1.0312	9.21651
1.032	9.21885
1.0328	9.22119
1.0336	9.22353
1.0344	9.22587
1.0352	9.22821
1.036	9.23055
1.0368	9.2329
1.0376	9.23524
1.0384	9.23759
1.0392	9.23993
1.04	9.24228
1.0408	9.24463
1.0416	9.24697
1.0424	9.24932
1.0432	9.25166
1.044	9.25401
1.0448	9.25635
1.0456	9.2587
1.0464	9.26104
1.0472	9.26338
1.048	9.26573
1.0488	9.26807
1.0496	9.27041
1.0504	9.27274
1.0512	9.27508
1.052	9.27742
1.0528	9.27975
1.0536	9.28208
1.0544	9.28441
1.0552	9.28674
1.056	9.28907
1.0568	9.29139
1.0576	9.29372
1.0584	9.29604
1.0592	9.29835
1.06	9.30067
1.0608	9.30298
1.0616	9.3053
1.0624	9.30761
1.0632	9.30991
1.064	9.31222
1.0648	9.31452
1.0656	9.31682
1.0664	9.31912
1.0672	9.32141
1.068	9.3237
1.0688	9.32599
1.0696	9.32828
1.0704	9.33056
1.0712	9.33284
1.072	9.33512
1.0728	9.33739
1.0736	9.33967
1.0744	9.34194
1.0752	9.3442
1.076	9.34647
1.0768	9.34873
1.0776	9.35099
1.0784	9.35325
1.0792	9.3555
1.08	9.35775
1.0808	9.36
1.0816	9.36225
1.0824	9.36449
1.0832	9.36673
1.084	9.36897
1.0848	9.37121
1.0856	9.37344
1.0864	9.37568
1.0872	9.37791
1.088	9.38013
1.0888	9.38236
1.0896	9.38458
1.0904	9.38681
1.0912	9.38903
1.092	9.39125
1.0928	9.39346
1.0936	9.39568
1.0944	9.39789
1.0952	9.4001
1.096	9.40232
1.0968	9.40453
1.0976	9.40673
1.0984	9.40894
1.0992	9.41115
1.1	9.41336
1.1008	9.41556
1.1016	9.41777
1.1024	9.41997
1.1032	9.42217
1.104	9.42438
1.1048	9.42658
1.1056	9.42879
1.1064	9.43099
1.1072	9.43319
1.108	9.4354
1.1088	9.4376
1.1096	9.43981
1.1104	9.44202
1.1112	9.44422
1.112	9.44643
1.1128	9.44864
1.1136	9.45085
1.1144	9.45307
1.1152	9.45528
1.116	9.4575
1.1168	9.45971
1.1176	9.46193
1.1184	9.46416
1.1192	9.46638
1.12	9.46861
1.1208	9.47084
1.1216	9.47307
1.1224	9.47531
1.1232	9.47754
1.124	9.47979
1.1248	9.48203
1.1256	9.48428
1.1264	9.48653
1.1272	9.48879
1.128	9.49105
1.1288	9.49331
1.1296	9.49558
1.1304	9.49785
1.1312	9.50013
1.132	9.50241
1.1328	9.5047
1.1336	9.50699
1.1344	9.50929
1.1352	9.51159
1.136	9.5139
1.1368	9.51621
1.1376	9.51853
1.1384	9.52085
1.1392	9.52318
1.14	9.52552
1.1408	9.52786
1.1416	9.53021
1.1424	9.53257
1.1432	9.53493
1.144	9.5373
1.1448	9.53967
1.1456	9.54206
1.1464	9.54445
1.1472	9.54684
1.148	9.54925
1.1488	9.55166
1.1496	9.55408
1.1504	9.55651
1.1512	9.55894
1.152	9.56139
1.1528	9.56384
1.1536	9.5663
1.1544	9.56876
1.1552	9.57124
1.156	9.57372
1.1568	9.57622
1.1576	9.57872
1.1584	9.58123
1.1592	9.58374
1.16	9.58627
1.1608	9.58881
1.1616	9.59135
1.1624	9.59391
1.1632	9.59647
1.164	9.59904
1.1648	9.60162
1.1656	9.60422
1.1664	9.60682
1.1672	9.60943
1.168	9.61204
1.1688	9.61467
1.1696	9.61731
1.1704	9.61996
1.1712	9.62262
1.172	9.62528
1.1728	9.62796
1.1736	9.63065
1.1744	9.63334
1.1752	9.63605
1.176	9.63876
1.1768	9.64149
1.1776	9.64422
1.1784	9.64697
1.1792	9.64972
1.18	9.65249
1.1808	9.65526
1.1816	9.65805
1.1824	9.66084
1.1832	9.66365
1.184	9.66646
1.1848	9.66928
1.1856	9.67212
1.1864	9.67496
1.1872	9.67781
1.188	9.68067
1.1888	9.68355
1.1896	9.68643
1.1904	9.68932
1.1912	9.69222
1.192	9.69513
1.1928	9.69805
1.1936	9.70098
1.1944	9.70391
1.1952	9.70686
1.196	9.70982
1.1968	9.71278
1.1976	9.71576
1.1984	9.71874
1.1992	9.72173
1.2	9.72474
1.2008	9.72775
1.2016	9.73077
1.2024	9.73379
1.2032	9.73683
1.204	9.73987
1.2048	9.74293
1.2056	9.74599
1.2064	9.74906
1.2072	9.75214
1.208	9.75522
1.2088	9.75832
1.2096	9.76142
1.2104	9.76453
1.2112	9.76765
1.212	9.77077
1.2128	9.7739
1.2136	9.77704
1.2144	9.78019
1.2152	9.78334
1.216	9.78651
1.2168	9.78967
1.2176	9.79285
1.2184	9.79603
1.2192	9.79922
1.22	9.80241
1.2208	9.80561
1.2216	9.80882
1.2224	9.81204
1.2232	9.81526
1.224	9.81848
1.2248	9.82171
1.2256	9.82495
1.2264	9.82819
1.2272	9.83144
1.228	9.8347
1.2288	9.83796
1.2296	9.84122
1.2304	9.84449
1.2312	9.84776
1.232	9.85104
1.2328	9.85433
1.2336	9.85761
1.2344	9.86091
1.2352	9.8642
1.236	9.86751
1.2368	9.87081
1.2376	9.87412
1.2384	9.87743
1.2392	9.88075
1.24	9.88407
1.2408	9.8874
1.2416	9.89073
1.2424	9.89406
1.2432	9.89739
1.244	9.90073
1.2448	9.90407
1.2456	9.90742
1.2464	9.91076
1.2472	9.91411
1.248	9.91747
1.2488	9.92082
1.2496	9.92418
1.2504	9.92754
1.2512	9.9309
1.252	9.93427
1.2528	9.93763
1.2536	9.941
1.2544	9.94437
1.2552	9.94775
1.256	9.95112
1.2568	9.9545
1.2576	9.95788
1.2584	9.96126
1.2592	9.96464
1.26	9.96803
1.2608	9.97141
1.2616	9.9748
1.2624	9.97819
1.2632	9.98158
1.264	9.98497
1.2648	9.98836
1.2656	9.99175
1.2664	9.99515
1.2672	9.99855
1.268	10.0019
1.2688	10.0053
1.2696	10.0087
1.2704	10.0121
1.2712	10.0155
1.272	10.0189
1.2728	10.0223
1.2736	10.0258
1.2744	10.0292
1.2752	10.0326
1.276	10.036
1.2768	10.0394
1.2776	10.0428
1.2784	10.0462
1.2792	10.0496
1.28	10.053
1.2808	10.0564
1.2816	10.0599
1.2824	10.0633
1.2832	10.0667
1.284	10.0701
1.2848	10.0735
1.2856	10.0769
1.2864	10.0804
1.2872	10.0838
1.288	10.0872
1.2888	10.0906
1.2896	10.0941
1.2904	10.0975
1.2912	10.1009
1.292	10.1043
1.2928	10.1078
1.2936	10.1112
1.2944	10.1146
1.2952	10.1181
1.296	10.1215
1.2968	10.125
1.2976	10.1284
1.2984	10.1318
1.2992	10.1353
1.3	10.1387
1.3008	10.1422
1.3016	10.1456
1.3024	10.1491
1.3032	10.1526
1.304	10.156
1.3048	10.1595
1.3056	10.1629
1.3064	10.1664
1.3072	10.1699
1.308	10.1734
1.3088	10.1768
1.3096	10.1803
1.3104	10.1838
1.3112	10.1873
1.312	10.1908
1.3128	10.1943
1.3136	10.1978
1.3144	10.2013
1.3152	10.2048
1.316	10.2083
1.3168	10.2118
1.3176	10.2153
1.3184	10.2188
1.3192	10.2223
1.32	10.2259
1.3208	10.2294
1.3216	10.2329
1.3224	10.2365
1.3232	10.24
1.324	10.2436
1.3248	10.2471
1.3256	10.2507
1.3264	10.2543
1.3272	10.2578
1.328	10.2614
1.3288	10.265
1.3296	10.2686
1.3304	10.2722
1.3312	10.2758
1.332	10.2794
1.3328	10.283
1.3336	10.2866
1.3344	10.2902
1.3352	10.2939
1.336	10.2975
1.3368	10.3012
1.3376	10.3048
1.3384	10.3085
1.3392	10.3121
1.34	10.3158
1.3408	10.3195
1.3416	10.3232
1.3424	10.3269
1.3432	10.3306
1.344	10.3343
1.3448	10.338
1.3456	10.3417
1.3464	10.3454
1.3472	10.3492
1.348	10.3529
1.3488	10.3567
1.3496	10.3604
1.3504	10.3642
1.3512	10.368
1.352	10.3718
1.3528	10.3756
1.3536	10.3794
1.3544	10.3832
1.3552	10.387
1.356	10.3908
1.3568	10.3947
1.3576	10.3985
1.3584	10.4024
1.3592	10.4062
1.36	10.4101
1.3608	10.414
1.3616	10.4179
1.3624	10.4218
1.3632	10.4257
1.364	10.4296
1.3648	10.4335
1.3656	10.4374
1.3664	10.4414
1.3672	10.4453
1.368	10.4493
1.3688	10.4533
1.3696	10.4572
1.3704	10.4612
1.3712	10.4652
1.372	10.4692
1.3728	10.4733
1.3736	10.4773
1.3744	10.4813
1.3752	10.4854
1.376	10.4894
1.3768	10.4935
1.3776	10.4975
1.3784	10.5016
1.3792	10.5057
1.38	10.5098
1.3808	10.5139
1.3816	10.518
1.3824	10.5222
1.3832	10.5263
1.384	10.5304
1.3848	10.5346
1.3856	10.5388
1.3864	10.5429
1.3872	10.5471
1.388	10.5513
1.3888	10.5555
1.3896	10.5597
1.3904	10.5639
1.3912	10.5682
1.392	10.5724
1.3928	10.5766
1.3936	10.5809
1.3944	10.5852
1.3952	10.5894
1.396	10.5937
1.3968	10.598
1.3976	10.6023
1.3984	10.6066
1.3992	10.6109
1.4	10.6152
1.4008	10.6196
1.4016	10.6239
1.4024	10.6283
1.4032	10.6326
1.404	10.637
1.4048	10.6413
1.4056	10.6457
1.4064	10.6501
1.4072	10.6545
1.408	10.6589
1.4088	10.6633
1.4096	10.6677
1.4104	10.6722
1.4112	10.6766
1.412	10.681
1.4128	10.6855
1.4136	10.6899
1.4144	10.6944
1.4152	10.6989
1.416	10.7033
1.4168	10.7078
1.4176	10.7123
1.4184	10.7168
1.4192	10.7213
1.42	10.7258
1.4208	10.7303
1.4216	10.7349
1.4224	10.7394
1.4232	10.7439
1.424	10.7485
1.4248	10.753
1.4256	10.7576
1.4264	10.7622
1.4272	10.7667
1.428	10.7713
1.4288	10.7759
1.4296	10.7805
1.4304	10.7851
1.4312	10.7897
1.432	10.7943
1.4328	10.7989
1.4336	10.8035
1.4344	10.8081
1.4352	10.8127
1.436	10.8174
1.4368	10.822
1.4376	10.8266
1.4384	10.8313
1.4392	10.8359
1.44	10.8406
1.4408	10.8453
1.4416	10.8499
1.4424	10.8546
1.4432	10.8593
1.444	10.864
1.4448	10.8687
1.4456	10.8733
1.4464	10.878
1.4472	10.8827
1.448	10.8875
1.4488	10.8922
1.4496	10.8969
1.4504	10.9016
1.4512	10.9063
1.452	10.9111
1.4528	10.9158
1.4536	10.9205
1.4544	10.9253
1.4552	10.93
1.456	10.9348
1.4568	10.9395
1.4576	10.9443
1.4584	10.9491
1.4592	10.9538
1.46	10.9586
1.4608	10.9634
1.4616	10.9682
1.4624	10.973
1.4632	10.9778
1.464	10.9825
1.4648	10.9873
1.4656	10.9922
1.4664	10.997
1.4672	11.0018
1.468	11.0066
1.4688	11.0114
1.4696	11.0162
1.4704	11.0211
1.4712	11.0259
1.472	11.0308
1.4728	11.0356
1.4736	11.0404
1.4744	11.0453
1.4752	11.0502
1.476	11.055
1.4768	11.0599
1.4776	11.0648
1.4784	11.0696
1.4792	11.0745
1.48	11.0794
1.4808	11.0843
1.4816	11.0892
1.4824	11.0941
1.4832	11.099
1.484	11.1039
1.4848	11.1088
1.4856	11.1137
1.4864	11.1187
1.4872	11.1236
1.488	11.1285
1.4888	11.1335
1.4896	11.1384
1.4904	11.1434
1.4912	11.1483
1.492	11.1533
1.4928	11.1582
1.4936	11.1632
1.4944	11.1682
1.4952	11.1732
1.496	11.1782
1.4968	11.1832
1.4976	11.1882
1.4984	11.1932
1.4992	11.1982
1.5	11.2032
1.5008	11.2082
1.5016	11.2132
1.5024	11.2183
1.5032	11.2233
1.504	11.2283
1.5048	11.2334
1.5056	11.2385
1.5064	11.2435
1.5072	11.2486
1.508	11.2537
1.5088	11.2587
1.5096	11.2638
1.5104	11.2689
1.5112	11.274
1.512	11.2791
1.5128	11.2842
1.5136	11.2894
1.5144	11.2945
1.5152	11.2996
1.516	11.3048
1.5168	11.3099
1.5176	11.3151
1.5184	11.3202
1.5192	11.3254
1.52	11.3306
1.5208	11.3358
1.5216	11.3409
1.5224	11.3461
1.5232	11.3513
1.524	11.3565
1.5248	11.3618
1.5256	11.367
1.5264	11.3722
1.5272	11.3775
1.528	11.3827
1.5288	11.388
1.5296	11.3932
1.5304	11.3985
1.5312	11.4038
1.532	11.409
1.5328	11.4143
1.5336	11.4196
1.5344	11.4249
1.5352	11.4302
1.536	11.4356
1.5368	11.4409
1.5376	11.4462
1.5384	11.4516
1.5392	11.4569
1.54	11.4623
1.5408	11.4676
1.5416	11.473
1.5424	11.4784
1.5432	11.4838
1.544	11.4892
1.5448	11.4946
1.5456	11.5
1.5464	11.5054
1.5472	11.5108
1.548	11.5163
1.5488	11.5217
1.5496	11.5271
1.5504	11.5326
1.5512	11.5381
1.552	11.5435
1.5528	11.549
1.5536	11.5545
1.5544	11.56
1.5552	11.5655
1.556	11.571
1.5568	11.5765
1.5576	11.582
1.5584	11.5875
1.5592	11.5931
1.56	11.5986
1.5608	11.6042
1.5616	11.6097
1.5624	11.6153
1.5632	11.6208
1.564	11.6264
1.5648	11.632
1.5656	11.6376
1.5664	11.6432
1.5672	11.6488
1.568	11.6544
1.5688	11.66
1.5696	11.6656
1.5704	11.6713
1.5712	11.6769
1.572	11.6826
1.5728	11.6882
1.5736	11.6939
1.5744	11.6995
1.5752	11.7052
1.576	11.7109
1.5768	11.7166
1.5776	11.7222
1.5784	11.7279
1.5792	11.7336
1.58	11.7393
1.5808	11.745
1.5816	11.7508
1.5824	11.7565
1.5832	11.7622
1.584	11.7679
1.5848	11.7737
1.5856	11.7794
1.5864	11.7852
1.5872	11.7909
1.588	11.7967
1.5888	11.8025
1.5896	11.8082
1.5904	11.814
1.5912	11.8198
1.592	11.8256
1.5928	11.8314
1.5936	11.8372
1.5944	11.843
1.5952	11.8488
1.596	11.8546
1.5968	11.8604
1.5976	11.8662
1.5984	11.872
1.5992	11.8778
1.6	11.8837
1.6008	11.8895
1.6016	11.8953
1.6024	11.9012
1.6032	11.907
1.604	11.9129
1.6048	11.9187
1.6056	11.9246
1.6064	11.9304
1.6072	11.9363
1.608	11.9422
1.6088	11.9481
1.6096	11.9539
1.6104	11.9598
1.6112	11.9657
1.612	11.9716
1.6128	11.9775
1.6136	11.9833
1.6144	11.9892
1.6152	11.9951
1.616	12.001
1.6168	12.0069
1.6176	12.0128
1.6184	12.0187
1.6192	12.0246
1.62	12.0306
1.6208	12.0365
1.6216	12.0424
1.6224	12.0483
1.6232	12.0542
1.624	12.0601
1.6248	12.0661
1.6256	12.072
1.6264	12.0779
1.6272	12.0839
1.628	12.0898
1.6288	12.0957
1.6296	12.1017
1.6304	12.1076
1.6312	12.1135
1.632	12.1195
1.6328	12.1254
1.6336	12.1314
1.6344	12.1373
1.6352	12.1432
1.636	12.1492
1.6368	12.1551
1.6376	12.1611
1.6384	12.167
1.6392	12.173
1.64	12.1789
1.6408	12.1849
1.6416	12.1908
1.6424	12.1968
1.6432	12.2027
1.644	12.2087
1.6448	12.2146
1.6456	12.2206
1.6464	12.2266
1.6472	12.2325
1.648	12.2385
1.6488	12.2444
1.6496	12.2504
1.6504	12.2563
1.6512	12.2623
1.652	12.2682
1.6528	12.2742
1.6536	12.2801
1.6544	12.2861
1.6552	12.2921
1.656	12.298
1.6568	12.304
1.6576	12.3099
1.6584	12.3159
1.6592	12.3218
1.66	12.3278
1.6608	12.3337
1.6616	12.3397
1.6624	12.3456
1.6632	12.3516
1.664	12.3575
1.6648	12.3634
1.6656	12.3694
1.6664	12.3753
1.6672	12.3813
1.668	12.3872
1.6688	12.3931
1.6696	12.3991
1.6704	12.405
1.6712	12.4109
1.672	12.4169
1.6728	12.4228
1.6736	12.4287
1.6744	12.4346
1.6752	12.4406
1.676	12.4465
1.6768	12.4524
1.6776	12.4583
1.6784	12.4642
1.6792	12.4701
1.68	12.476
1.6808	12.4819
1.6816	12.4878
1.6824	12.4937
1.6832	12.4996
1.684	12.5055
1.6848	12.5114
1.6856	12.5172
1.6864	12.5231
1.6872	12.529
1.688	12.5349
1.6888	12.5407
1.6896	12.5466
1.6904	12.5524
1.6912	12.5583
1.692	12.5641
1.6928	12.57
1.6936	12.5758
1.6944	12.5816
1.6952	12.5874
1.696	12.5933
1.6968	12.5991
1.6976	12.6049
1.6984	12.6107
1.6992	12.6165
1.7	12.6223
1.7008	12.6281
1.7016	12.6338
1.7024	12.6396
1.7032	12.6454
1.704	12.6511
1.7048	12.6569
1.7056	12.6626
1.7064	12.6683
1.7072	12.6741
1.708	12.6798
1.7088	12.6855
1.7096	12.6912
1.7104	12.6969
1.7112	12.7026
1.712	12.7083
1.7128	12.7139
1.7136	12.7196
1.7144	12.7252
1.7152	12.7309
1.716	12.7365
1.7168	12.7421
1.7176	12.7478
1.7184	12.7534
1.7192	12.759
1.72	12.7645
1.7208	12.7701
1.7216	12.7757
1.7224	12.7812
1.7232	12.7868
1.724	12.7923
1.7248	12.7978
1.7256	12.8033
1.7264	12.8088
1.7272	12.8143
1.728	12.8197
1.7288	12.8252
1.7296	12.8306
1.7304	12.836
1.7312	12.8415
1.732	12.8469
1.7328	12.8522
1.7336	12.8576
1.7344	12.863
1.7352	12.8683
1.736	12.8736
1.7368	12.8789
1.7376	12.8842
1.7384	12.8895
1.7392	12.8948
1.74	12.9
1.7408	12.9053
1.7416	12.9105
1.7424	12.9157
1.7432	12.9209
1.744	12.926
1.7448	12.9312
1.7456	12.9363
1.7464	12.9414
1.7472	12.9465
1.748	12.9516
1.7488	12.9566
1.7496	12.9617
1.7504	12.9667
1.7512	12.9717
1.752	12.9766
1.7528	12.9816
1.7536	12.9865
1.7544	12.9914
1.7552	12.9963
1.756	13.0012
1.7568	13.006
1.7576	13.0109
1.7584	13.0157
1.7592	13.0204
1.76	13.0252
1.7608	13.0299
1.7616	13.0346
1.7624	13.0393
1.7632	13.044
1.764	13.0486
1.7648	13.0532
1.7656	13.0578
1.7664	13.0624
1.7672	13.0669
1.768	13.0714
1.7688	13.0759
1.7696	13.0804
1.7704	13.0848
1.7712	13.0892
1.772	13.0936
1.7728	13.0979
1.7736	13.1023
1.7744	13.1065
1.7752	13.1108
1.776	13.115
1.7768	13.1192
1.7776	13.1234
1.7784	13.1275
1.7792	13.1317
1.78	13.1357
1.7808	13.1398
1.7816	13.1438
1.7824	13.1478
1.7832	13.1517
1.784	13.1556
1.7848	13.1595
1.7856	13.1634
1.7864	13.1672
1.7872	13.171
1.788	13.1747
1.7888	13.1784
1.7896	13.1821
1.7904	13.1858
1.7912	13.1894
1.792	13.1929
1.7928	13.1965
1.7936	13.2
1.7944	13.2034
1.7952	13.2068
1.796	13.2102
1.7968	13.2136
1.7976	13.2169
1.7984	13.2201
1.7992	13.2233
1.8	13.2265
1.8008	13.2297
1.8016	13.2328
1.8024	13.2358
1.8032	13.2388
1.804	13.2418
1.8048	13.2447
1.8056	13.2476
1.8064	13.2505
1.8072	13.2533
1.808	13.256
1.8088	13.2587
1.8096	13.2614
1.8104	13.264
1.8112	13.2666
1.812	13.2691
1.8128	13.2716
1.8136	13.274
1.8144	13.2764
1.8152	13.2787
1.816	13.281
1.8168	13.2832
1.8176	13.2854
1.8184	13.2876
1.8192	13.2896
1.82	13.2917
1.8208	13.2936
1.8216	13.2956
1.8224	13.2974
1.8232	13.2993
1.824	13.301
1.8248	13.3028
1.8256	13.3044
1.8264	13.306
1.8272	13.3076
1.828	13.3091
1.8288	13.3105
1.8296	13.3119
1.8304	13.3132
1.8312	13.3145
1.832	13.3157
1.8328	13.3168
1.8336	13.3179
1.8344	13.3189
1.8352	13.3199
1.836	13.3208
1.8368	13.3217
1.8376	13.3224
1.8384	13.3232
1.8392	13.3238
1.84	13.3244
1.8408	13.325
1.8416	13.3254
1.8424	13.3258
1.8432	13.3262
1.844	13.3264
1.8448	13.3266
1.8456	13.3268
1.8464	13.3269
1.8472	13.3269
1.848	13.3268
1.8488	13.3267
1.8496	13.3265
1.8504	13.3262
1.8512	13.3259
1.852	13.3254
1.8528	13.325
1.8536	13.3244
1.8544	13.3238
1.8552	13.3231
1.856	13.3223
1.8568	13.3215
1.8576	13.3205
1.8584	13.3195
1.8592	13.3185
1.86	13.3173
1.8608	13.3161
1.8616	13.3148
1.8624	13.3134
1.8632	13.312
1.864	13.3104
1.8648	13.3088
1.8656	13.3071
1.8664	13.3054
1.8672	13.3035
1.868	13.3016
1.8688	13.2996
1.8696	13.2975
1.8704	13.2953
1.8712	13.293
1.872	13.2907
1.8728	13.2882
1.8736	13.2857
1.8744	13.2831
1.8752	13.2804
1.876	13.2777
1.8768	13.2748
1.8776	13.2719
1.8784	13.2688
1.8792	13.2657
1.88	13.2625
1.8808	13.2592
1.8816	13.2558
1.8824	13.2524
1.8832	13.2488
1.884	13.2451
1.8848	13.2414
1.8856	13.2376
1.8864	13.2336
1.8872	13.2296
1.888	13.2255
1.8888	13.2213
1.8896	13.217
1.8904	13.2126
1.8912	13.2081
1.892	13.2035
1.8928	13.1988
1.8936	13.194
1.8944	13.1892
1.8952	13.1842
1.896	13.1791
1.8968	13.174
1.8976	13.1687
1.8984	13.1633
1.8992	13.1579
1.9	13.1523
1.9008	13.1466
1.9016	13.1409
1.9024	13.135
1.9032	13.1291
1.904	13.123
1.9048	13.1168
1.9056	13.1106
1.9064	13.1042
1.9072	13.0977
1.908	13.0911
1.9088	13.0845
1.9096	13.0777
1.9104	13.0708
1.9112	13.0638
1.912	13.0567
1.9128	13.0495
1.9136	13.0422
1.9144	13.0348
1.9152	13.0273
1.916	13.0197
1.9168	13.0119
1.9176	13.0041
1.9184	12.9961
1.9192	12.9881
1.92	12.9799
1.9208	12.9717
1.9216	12.9633
1.9224	12.9548
1.9232	12.9462
1.924	12.9375
1.9248	12.9287
1.9256	12.9198
1.9264	12.9108
1.9272	12.9017
1.928	12.8924
1.9288	12.8831
1.9296	12.8736
1.9304	12.864
1.9312	12.8543
1.932	12.8446
1.9328	12.8347
1.9336	12.8246
1.9344	12.8145
1.9352	12.8043
1.936	12.7939
1.9368	12.7835
1.9376	12.7729
1.9384	12.7622
1.9392	12.7514
1.94	12.7405
1.9408	12.7295
1.9416	12.7184
1.9424	12.7072
1.9432	12.6958
1.944	12.6844
1.9448	12.6728
1.9456	12.6611
1.9464	12.6494
1.9472	12.6375
1.948	12.6254
1.9488	12.6133
1.9496	12.6011
1.9504	12.5887
1.9512	12.5763
1.952	12.5637
1.9528	12.5511
1.9536	12.5383
1.9544	12.5254
1.9552	12.5124
1.956	12.4993
1.9568	12.486
1.9576	12.4727
1.9584	12.4593
1.9592	12.4457
1.96	12.432
1.9608	12.4183
1.9616	12.4044
1.9624	12.3904
1.9632	12.3763
1.964	12.3621
1.9648	12.3478
1.9656	12.3334
1.9664	12.3189
1.9672	12.3042
1.968	12.2895
1.9688	12.2747
1.9696	12.2597
1.9704	12.2447
1.9712	12.2295
1.972	12.2142
1.9728	12.1989
1.9736	12.1834
1.9744	12.1678
1.9752	12.1521
1.976	12.1364
1.9768	12.1205
1.9776	12.1045
1.9784	12.0884
1.9792	12.0722
1.98	12.0559
1.9808	12.0395
1.9816	12.023
1.9824	12.0065
1.9832	11.9898
1.984	11.973
1.9848	11.9561
1.9856	11.9391
1.9864	11.9221
1.9872	11.9049
1.988	11.8876
1.9888	11.8703
1.9896	11.8528
1.9904	11.8352
1.9912	11.8176
1.992	11.7999
1.9928	11.782
1.9936	11.7641
1.9944	11.7461
1.9952	11.728
1.996	11.7098
1.9968	11.6916
1.9976	11.6732
1.9984	11.6547
1.9992	11.6362
2	11.6176
