-3.01412	55.2771
-3.01291	55.382
-3.01171	55.4872
-3.0105	55.5926
-3.0093	55.6982
-3.00809	55.8041
-3.00689	55.9102
-3.00568	56.0166
-3.00447	56.1233
-3.00327	56.2302
-3.00206	56.3373
-3.00086	56.4447
-2.99965	56.5524
-2.99845	56.6602
-2.99724	56.7684
-2.99604	56.8768
-2.99483	56.9854
-2.99362	57.0943
-2.99242	57.2034
-2.99121	57.3127
-2.99001	57.4224
-2.9888	57.5322
-2.9876	57.6423
-2.98639	57.7526
-2.98518	57.8632
-2.98398	57.974
-2.98277	58.0851
-2.98157	58.1964
-2.98036	58.3079
-2.97916	58.4197
-2.97795	58.5317
-2.97674	58.644
-2.97554	58.7564
-2.97433	58.8692
-2.97313	58.9821
-2.97192	59.0953
-2.97072	59.2087
-2.96951	59.3224
-2.96831	59.4363
-2.9671	59.5504
-2.96589	59.6648
-2.96469	59.7794
-2.96348	59.8942
-2.96228	60.0092
-2.96107	60.1245
-2.95987	60.24
-2.95866	60.3557
-2.95745	60.4717
-2.95625	60.5879
-2.95504	60.7043
-2.95384	60.8209
-2.95263	60.9378
-2.95143	61.0549
-2.95022	61.1722
-2.94901	61.2897
-2.94781	61.4075
-2.9466	61.5255
-2.9454	61.6437
-2.94419	61.7621
-2.94299	61.8807
-2.94178	61.9996
-2.94058	62.1187
-2.93937	62.238
-2.93816	62.3575
-2.93696	62.4772
-2.93575	62.5972
-2.93455	62.7173
-2.93334	62.8377
-2.93214	62.9583
-2.93093	63.0792
-2.92972	63.2002
-2.92852	63.3215
-2.92731	63.4429
-2.92611	63.5646
-2.9249	63.6865
-2.9237	63.8086
-2.92249	63.931
-2.92128	64.0535
-2.92008	64.1763
-2.91887	64.2992
-2.91767	64.4224
-2.91646	64.5458
-2.91526	64.6694
-2.91405	64.7933
-2.91285	64.9173
-2.91164	65.0416
-2.91043	65.166
-2.90923	65.2907
-2.90802	65.4156
-2.90682	65.5407
-2.90561	65.666
-2.90441	65.7916
-2.9032	65.9173
-2.90199	66.0433
-2.90079	66.1695
-2.89958	66.2959
-2.89838	66.4225
-2.89717	66.5493
-2.89597	66.6763
-2.89476	66.8036
-2.89355	66.9311
-2.89235	67.0587
-2.89114	67.1866
-2.88994	67.3148
-2.88873	67.4431
-2.88753	67.5717
-2.88632	67.7004
-2.88512	67.8294
-2.88391	67.9586
-2.8827	68.0881
-2.8815	68.2177
-2.88029	68.3476
-2.87909	68.4777
-2.87788	68.608
-2.87668	68.7386
-2.87547	68.8694
-2.87426	69.0004
-2.87306	69.1316
-2.87185	69.263
-2.87065	69.3947
-2.86944	69.5266
-2.86824	69.6588
-2.86703	69.7912
-2.86583	69.9238
-2.86462	70.0566
-2.86341	70.1897
-2.86221	70.323
-2.861	70.4565
-2.8598	70.5903
-2.85859	70.7243
-2.85739	70.8586
-2.85618	70.9931
-2.85497	71.1279
-2.85377	71.2629
-2.85256	71.3981
-2.85136	71.5336
-2.85015	71.6693
-2.84895	71.8053
-2.84774	71.9415
-2.84653	72.078
-2.84533	72.2148
-2.84412	72.3518
-2.84292	72.489
-2.84171	72.6265
-2.84051	72.7643
-2.8393	72.9024
-2.8381	73.0407
-2.83689	73.1793
-2.83568	73.3181
-2.83448	73.4572
-2.83327	73.5966
-2.83207	73.7362
-2.83086	73.8762
-2.82966	74.0164
-2.82845	74.1569
-2.82724	74.2976
-2.82604	74.4387
-2.82483	74.58
-2.82363	74.7216
-2.82242	74.8636
-2.82122	75.0058
-2.82001	75.1483
-2.8188	75.291
-2.8176	75.4341
-2.81639	75.5775
-2.81519	75.7212
-2.81398	75.8652
-2.81278	76.0095
-2.81157	76.1541
-2.81037	76.299
-2.80916	76.4443
-2.80795	76.5898
-2.80675	76.7357
-2.80554	76.8819
-2.80434	77.0284
-2.80313	77.1752
-2.80193	77.3224
-2.80072	77.4699
-2.79951	77.6177
-2.79831	77.7659
-2.7971	77.9144
-2.7959	78.0632
-2.79469	78.2124
-2.79349	78.3619
-2.79228	78.5118
-2.79107	78.6621
-2.78987	78.8126
-2.78866	78.9636
-2.78746	79.1149
-2.78625	79.2665
-2.78505	79.4186
-2.78384	79.5709
-2.78264	79.7237
-2.78143	79.8768
-2.78022	80.0303
-2.77902	80.1842
-2.77781	80.3385
-2.77661	80.4932
-2.7754	80.6482
-2.7742	80.8036
-2.77299	80.9595
-2.77178	81.1157
-2.77058	81.2723
-2.76937	81.4293
-2.76817	81.5867
-2.76696	81.7446
-2.76576	81.9028
-2.76455	82.0615
-2.76334	82.2206
-2.76214	82.3801
-2.76093	82.54
-2.75973	82.7004
-2.75852	82.8611
-2.75732	83.0224
-2.75611	83.184
-2.75491	83.3461
-2.7537	83.5086
-2.75249	83.6716
-2.75129	83.8351
-2.75008	83.9989
-2.74888	84.1633
-2.74767	84.3281
-2.74647	84.4934
-2.74526	84.6591
-2.74405	84.8253
-2.74285	84.992
-2.74164	85.1591
-2.74044	85.3268
-2.73923	85.4949
-2.73803	85.6635
-2.73682	85.8326
-2.73562	86.0022
-2.73441	86.1723
-2.7332	86.3429
-2.732	86.5139
-2.73079	86.6856
-2.72959	86.8577
-2.72838	87.0303
-2.72718	87.2035
-2.72597	87.3771
-2.72476	87.5513
-2.72356	87.7261
-2.72235	87.9013
-2.72115	88.0771
-2.71994	88.2535
-2.71874	88.4304
-2.71753	88.6078
-2.71632	88.7858
-2.71512	88.9644
-2.71391	89.1435
-2.71271	89.3232
-2.7115	89.5034
-2.7103	89.6842
-2.70909	89.8656
-2.70789	90.0476
-2.70668	90.2302
-2.70547	90.4133
-2.70427	90.597
-2.70306	90.7814
-2.70186	90.9663
-2.70065	91.1518
-2.69945	91.338
-2.69824	91.5247
-2.69703	91.7121
-2.69583	91.9001
-2.69462	92.0887
-2.69342	92.2779
-2.69221	92.4678
-2.69101	92.6583
-2.6898	92.8494
-2.68859	93.0412
-2.68739	93.2336
-2.68618	93.4267
-2.68498	93.6205
-2.68377	93.8149
-2.68257	94.0099
-2.68136	94.2057
-2.68016	94.4021
-2.67895	94.5992
-2.67774	94.7969
-2.67654	94.9954
-2.67533	95.1945
-2.67413	95.3943
-2.67292	95.5949
-2.67172	95.7961
-2.67051	95.9981
-2.6693	96.2007
-2.6681	96.4041
-2.66689	96.6082
-2.66569	96.813
-2.66448	97.0185
-2.66328	97.2248
-2.66207	97.4318
-2.66086	97.6396
-2.65966	97.8481
-2.65845	98.0573
-2.65725	98.2673
-2.65604	98.4781
-2.65484	98.6897
-2.65363	98.902
-2.65243	99.115
-2.65122	99.3289
-2.65001	99.5436
-2.64881	99.759
-2.6476	99.9752
-2.6464	100.192
-2.64519	100.41
-2.64399	100.629
-2.64278	100.848
-2.64157	101.068
-2.64037	101.29
-2.63916	101.512
-2.63796	101.734
-2.63675	101.958
-2.63555	102.182
-2.63434	102.408
-2.63313	102.634
-2.63193	102.861
-2.63072	103.089
-2.62952	103.317
-2.62831	103.547
-2.62711	103.778
-2.6259	104.009
-2.6247	104.241
-2.62349	104.474
-2.62228	104.708
-2.62108	104.943
-2.61987	105.179
-2.61867	105.416
-2.61746	105.654
-2.61626	105.893
-2.61505	106.132
-2.61384	106.373
-2.61264	106.614
-2.61143	106.857
-2.61023	107.1
-2.60902	107.344
-2.60782	107.59
-2.60661	107.836
-2.60541	108.083
-2.6042	108.332
-2.60299	108.581
-2.60179	108.831
-2.60058	109.082
-2.59938	109.335
-2.59817	109.588
-2.59697	109.842
-2.59576	110.098
-2.59455	110.354
-2.59335	110.612
-2.59214	110.87
-2.59094	111.13
-2.58973	111.39
-2.58853	111.652
-2.58732	111.915
-2.58611	112.179
-2.58491	112.443
-2.5837	112.709
-2.5825	112.977
-2.58129	113.245
-2.58009	113.514
-2.57888	113.785
-2.57768	114.056
-2.57647	114.329
-2.57526	114.603
-2.57406	114.878
-2.57285	115.154
-2.57165	115.431
-2.57044	115.71
-2.56924	115.989
-2.56803	116.27
-2.56682	116.552
-2.56562	116.836
-2.56441	117.12
-2.56321	117.406
-2.562	117.693
-2.5608	117.981
-2.55959	118.27
-2.55838	118.56
-2.55718	118.852
-2.55597	119.145
-2.55477	119.44
-2.55356	119.735
-2.55236	120.032
-2.55115	120.33
-2.54995	120.63
-2.54874	120.93
-2.54753	121.233
-2.54633	121.536
-2.54512	121.841
-2.54392	122.147
-2.54271	122.454
-2.54151	122.763
-2.5403	123.073
-2.53909	123.384
-2.53789	123.697
-2.53668	124.011
-2.53548	124.327
-2.53427	124.644
-2.53307	124.962
-2.53186	125.282
-2.53065	125.603
-2.52945	125.925
-2.52824	126.249
-2.52704	126.575
-2.52583	126.902
-2.52463	127.23
-2.52342	127.56
-2.52222	127.891
-2.52101	128.224
-2.5198	128.559
-2.5186	128.894
-2.51739	129.232
-2.51619	129.571
-2.51498	129.911
-2.51378	130.253
-2.51257	130.596
-2.51136	130.941
-2.51016	131.288
-2.50895	131.636
-2.50775	131.986
-2.50654	132.337
-2.50534	132.69
-2.50413	133.045
-2.50293	133.401
-2.50172	133.759
-2.50051	134.118
-2.49931	134.479
-2.4981	134.842
-2.4969	135.206
-2.49569	135.572
-2.49449	135.94
-2.49328	136.31
-2.49207	136.681
-2.49087	137.054
-2.48966	137.428
-2.48846	137.805
-2.48725	138.183
-2.48605	138.563
-2.48484	138.945
-2.48363	139.328
-2.48243	139.713
-2.48122	140.1
-2.48002	140.489
-2.47881	140.88
-2.47761	141.272
-2.4764	141.667
-2.4752	142.063
-2.47399	142.461
-2.47278	142.861
-2.47158	143.263
-2.47037	143.667
-2.46917	144.072
-2.46796	144.48
-2.46676	144.89
-2.46555	145.301
-2.46434	145.715
-2.46314	146.13
-2.46193	146.548
-2.46073	146.967
-2.45952	147.388
-2.45832	147.812
-2.45711	148.237
-2.4559	148.665
-2.4547	149.095
-2.45349	149.526
-2.45229	149.96
-2.45108	150.396
-2.44988	150.834
-2.44867	151.274
-2.44747	151.716
-2.44626	152.161
-2.44505	152.607
-2.44385	153.056
-2.44264	153.507
-2.44144	153.96
-2.44023	154.415
-2.43903	154.873
-2.43782	155.333
-2.43661	155.795
-2.43541	156.259
-2.4342	156.726
-2.433	157.194
-2.43179	157.666
-2.43059	158.139
-2.42938	158.615
-2.42817	159.093
-2.42697	159.574
-2.42576	160.057
-2.42456	160.543
-2.42335	161.03
-2.42215	161.521
-2.42094	162.013
-2.41974	162.509
-2.41853	163.006
-2.41732	163.506
-2.41612	164.009
-2.41491	164.514
-2.41371	165.022
-2.4125	165.532
-2.4113	166.045
-2.41009	166.56
-2.40888	167.078
-2.40768	167.599
-2.40647	168.122
-2.40527	168.648
-2.40406	169.177
-2.40286	169.708
-2.40165	170.242
-2.40044	170.779
-2.39924	171.318
-2.39803	171.86
-2.39683	172.405
-2.39562	172.953
-2.39442	173.503
-2.39321	174.056
-2.39201	174.613
-2.3908	175.171
-2.38959	175.733
-2.38839	176.298
-2.38718	176.866
-2.38598	177.436
-2.38477	178.01
-2.38357	178.586
-2.38236	179.165
-2.38115	179.748
-2.37995	180.333
-2.37874	180.921
-2.37754	181.513
-2.37633	182.107
-2.37513	182.705
-2.37392	183.306
-2.37272	183.909
-2.37151	184.516
-2.3703	185.126
-2.3691	185.74
-2.36789	186.356
-2.36669	186.976
-2.36548	187.598
-2.36428	188.224
-2.36307	188.854
-2.36186	189.486
-2.36066	190.122
-2.35945	190.762
-2.35825	191.404
-2.35704	192.05
-2.35584	192.699
-2.35463	193.352
-2.35342	194.008
-2.35222	194.668
-2.35101	195.331
-2.34981	195.997
-2.3486	196.667
-2.3474	197.341
-2.34619	198.018
-2.34499	198.698
-2.34378	199.383
-2.34257	200.07
-2.34137	200.762
-2.34016	201.457
-2.33896	202.156
-2.33775	202.858
-2.33655	203.564
-2.33534	204.274
-2.33413	204.987
-2.33293	205.705
-2.33172	206.426
-2.33052	207.15
-2.32931	207.879
-2.32811	208.612
-2.3269	209.348
-2.32569	210.088
-2.32449	210.832
-2.32328	211.581
-2.32208	212.333
-2.32087	213.089
-2.31967	213.849
-2.31846	214.613
-2.31726	215.381
-2.31605	216.153
-2.31484	216.929
-2.31364	217.71
-2.31243	218.494
-2.31123	219.283
-2.31002	220.075
-2.30882	220.872
-2.30761	221.673
-2.3064	222.479
-2.3052	223.288
-2.30399	224.102
-2.30279	224.921
-2.30158	225.743
-2.30038	226.57
-2.29917	227.401
-2.29796	228.237
-2.29676	229.077
-2.29555	229.922
-2.29435	230.77
-2.29314	231.624
-2.29194	232.482
-2.29073	233.344
-2.28953	234.211
-2.28832	235.083
-2.28711	235.959
-2.28591	236.84
-2.2847	237.725
-2.2835	238.615
-2.28229	239.51
-2.28109	240.409
-2.27988	241.313
-2.27867	242.222
-2.27747	243.136
-2.27626	244.054
-2.27506	244.978
-2.27385	245.906
-2.27265	246.838
-2.27144	247.776
-2.27023	248.719
-2.26903	249.667
-2.26782	250.619
-2.26662	251.577
-2.26541	252.539
-2.26421	253.507
-2.263	254.479
-2.2618	255.457
-2.26059	256.439
-2.25938	257.427
-2.25818	258.42
-2.25697	259.418
-2.25577	260.421
-2.25456	261.429
-2.25336	262.442
-2.25215	263.461
-2.25094	264.485
-2.24974	265.514
-2.24853	266.548
-2.24733	267.588
-2.24612	268.633
-2.24492	269.683
-2.24371	270.739
-2.24251	271.8
-2.2413	272.866
-2.24009	273.938
-2.23889	275.015
-2.23768	276.098
-2.23648	277.186
-2.23527	278.279
-2.23407	279.378
-2.23286	280.482
-2.23165	281.592
-2.23045	282.708
-2.22924	283.829
-2.22804	284.955
-2.22683	286.087
-2.22563	287.225
-2.22442	288.368
-2.22321	289.517
-2.22201	290.671
-2.2208	291.831
-2.2196	292.997
-2.21839	294.168
-2.21719	295.345
-2.21598	296.528
-2.21478	297.716
-2.21357	298.91
-2.21236	300.11
-2.21116	301.316
-2.20995	302.527
-2.20875	303.743
-2.20754	304.966
-2.20634	306.194
-2.20513	307.428
-2.20392	308.668
-2.20272	309.913
-2.20151	311.165
-2.20031	312.422
-2.1991	313.684
-2.1979	314.953
-2.19669	316.227
-2.19548	317.507
-2.19428	318.792
-2.19307	320.084
-2.19187	321.381
-2.19066	322.684
-2.18946	323.992
-2.18825	325.306
-2.18705	326.626
-2.18584	327.952
-2.18463	329.284
-2.18343	330.621
-2.18222	331.963
-2.18102	333.312
-2.17981	334.666
-2.17861	336.026
-2.1774	337.391
-2.17619	338.762
-2.17499	340.139
-2.17378	341.521
-2.17258	342.909
-2.17137	344.302
-2.17017	345.701
-2.16896	347.105
-2.16775	348.515
-2.16655	349.93
-2.16534	351.351
-2.16414	352.777
-2.16293	354.209
-2.16173	355.646
-2.16052	357.088
-2.15932	358.536
-2.15811	359.988
-2.1569	361.446
-2.1557	362.91
-2.15449	364.378
-2.15329	365.852
-2.15208	367.33
-2.15088	368.814
-2.14967	370.303
-2.14846	371.796
-2.14726	373.295
-2.14605	374.798
-2.14485	376.307
-2.14364	377.82
-2.14244	379.338
-2.14123	380.86
-2.14003	382.388
-2.13882	383.919
-2.13761	385.456
-2.13641	386.997
-2.1352	388.542
-2.134	390.091
-2.13279	391.645
-2.13159	393.203
-2.13038	394.766
-2.12917	396.332
-2.12797	397.903
-2.12676	399.477
-2.12556	401.056
-2.12435	402.638
-2.12315	404.224
-2.12194	405.813
-2.12073	407.407
-2.11953	409.004
-2.11832	410.604
-2.11712	412.207
-2.11591	413.814
-2.11471	415.425
-2.1135	417.038
-2.1123	418.654
-2.11109	420.273
-2.10988	421.895
-2.10868	423.52
-2.10747	425.148
-2.10627	426.778
-2.10506	428.411
-2.10386	430.046
-2.10265	431.683
-2.10144	433.322
-2.10024	434.964
-2.09903	436.607
-2.09783	438.253
-2.09662	439.9
-2.09542	441.549
-2.09421	443.199
-2.093	444.851
-2.0918	446.504
-2.09059	448.158
-2.08939	449.813
-2.08818	451.47
-2.08698	453.127
-2.08577	454.785
-2.08457	456.443
-2.08336	458.102
-2.08215	459.761
-2.08095	461.421
-2.07974	463.081
-2.07854	464.74
-2.07733	466.4
-2.07613	468.059
-2.07492	469.717
-2.07371	471.375
-2.07251	473.033
-2.0713	474.69
-2.0701	476.345
-2.06889	478
-2.06769	479.653
-2.06648	481.305
-2.06527	482.955
-2.06407	484.604
-2.06286	486.251
-2.06166	487.896
-2.06045	489.539
-2.05925	491.179
-2.05804	492.818
-2.05684	494.453
-2.05563	496.087
-2.05442	497.717
-2.05322	499.344
-2.05201	500.968
-2.05081	502.589
-2.0496	504.206
-2.0484	505.82
-2.04719	507.43
-2.04598	509.037
-2.04478	510.639
-2.04357	512.237
-2.04237	513.831
-2.04116	515.42
-2.03996	517.005
-2.03875	518.585
-2.03754	520.16
-2.03634	521.73
-2.03513	523.295
-2.03393	524.854
-2.03272	526.408
-2.03152	527.957
-2.03031	529.499
-2.02911	531.036
-2.0279	532.566
-2.02669	534.09
-2.02549	535.608
-2.02428	537.12
-2.02308	538.624
-2.02187	540.122
-2.02067	541.613
-2.01946	543.097
-2.01825	544.573
-2.01705	546.042
-2.01584	547.504
-2.01464	548.958
-2.01343	550.405
-2.01223	551.843
-2.01102	553.273
-2.00982	554.695
-2.00861	556.109
-2.0074	557.515
-2.0062	558.912
-2.00499	560.3
-2.00379	561.679
-2.00258	563.05
-2.00138	564.411
-2.00017	565.764
-1.99896	567.107
-1.99776	568.441
-1.99655	569.765
-1.99535	571.079
-1.99414	572.384
-1.99294	573.68
-1.99173	574.965
-1.99052	576.24
-1.98932	577.505
-1.98811	578.76
-1.98691	580.004
-1.9857	581.239
-1.9845	582.462
-1.98329	583.675
-1.98209	584.878
-1.98088	586.07
-1.97967	587.25
-1.97847	588.42
-1.97726	589.58
-1.97606	590.727
-1.97485	591.864
-1.97365	592.99
-1.97244	594.104
-1.97123	595.208
-1.97003	596.299
-1.96882	597.38
-1.96762	598.448
-1.96641	599.506
-1.96521	600.551
-1.964	601.585
-1.96279	602.608
-1.96159	603.618
-1.96038	604.617
-1.95918	605.604
-1.95797	606.579
-1.95677	607.542
-1.95556	608.494
-1.95436	609.433
-1.95315	610.361
-1.95194	611.276
-1.95074	612.18
-1.94953	613.071
-1.94833	613.951
-1.94712	614.818
-1.94592	615.673
-1.94471	616.516
-1.9435	617.348
-1.9423	618.167
-1.94109	618.974
-1.93989	619.769
-1.93868	620.551
-1.93748	621.322
-1.93627	622.081
-1.93506	622.827
-1.93386	623.562
-1.93265	624.285
-1.93145	624.995
-1.93024	625.694
-1.92904	626.38
-1.92783	627.055
-1.92663	627.718
-1.92542	628.369
-1.92421	629.008
-1.92301	629.635
-1.9218	630.25
-1.9206	630.854
-1.91939	631.445
-1.91819	632.026
-1.91698	632.594
-1.91577	633.151
-1.91457	633.696
-1.91336	634.23
-1.91216	634.752
-1.91095	635.263
-1.90975	635.763
-1.90854	636.251
-1.90733	636.728
-1.90613	637.194
-1.90492	637.648
-1.90372	638.092
-1.90251	638.524
-1.90131	638.946
-1.9001	639.356
-1.8989	639.756
-1.89769	640.145
-1.89648	640.523
-1.89528	640.89
-1.89407	641.247
-1.89287	641.593
-1.89166	641.929
-1.89046	642.255
-1.88925	642.57
-1.88804	642.875
-1.88684	643.169
-1.88563	643.454
-1.88443	643.729
-1.88322	643.993
-1.88202	644.248
-1.88081	644.493
-1.87961	644.728
-1.8784	644.954
-1.87719	645.17
-1.87599	645.376
-1.87478	645.573
-1.87358	645.761
-1.87237	645.94
-1.87117	646.109
-1.86996	646.269
-1.86875	646.421
-1.86755	646.563
-1.86634	646.696
-1.86514	646.821
-1.86393	646.937
-1.86273	647.045
-1.86152	647.144
-1.86031	647.234
-1.85911	647.316
-1.8579	647.39
-1.8567	647.456
-1.85549	647.513
-1.85429	647.563
-1.85308	647.605
-1.85188	647.638
-1.85067	647.665
-1.84946	647.683
-1.84826	647.694
-1.84705	647.697
-1.84585	647.693
-1.84464	647.681
-1.84344	647.663
-1.84223	647.637
-1.84102	647.604
-1.83982	647.563
-1.83861	647.516
-1.83741	647.463
-1.8362	647.402
-1.835	647.335
-1.83379	647.261
-1.83258	647.18
-1.83138	647.093
-1.83017	647
-1.82897	646.9
-1.82776	646.795
-1.82656	646.683
-1.82535	646.565
-1.82415	646.441
-1.82294	646.311
-1.82173	646.175
-1.82053	646.034
-1.81932	645.887
-1.81812	645.734
-1.81691	645.576
-1.81571	645.412
-1.8145	645.243
-1.81329	645.069
-1.81209	644.889
-1.81088	644.705
-1.80968	644.515
-1.80847	644.32
-1.80727	644.12
-1.80606	643.916
-1.80485	643.706
-1.80365	643.492
-1.80244	643.273
-1.80124	643.05
-1.80003	642.822
-1.79883	642.59
-1.79762	642.353
-1.79642	642.112
-1.79521	641.867
-1.794	641.617
-1.7928	641.364
-1.79159	641.106
-1.79039	640.844
-1.78918	640.579
-1.78798	640.309
-1.78677	640.036
-1.78556	639.759
-1.78436	639.478
-1.78315	639.194
-1.78195	638.906
-1.78074	638.614
-1.77954	638.319
-1.77833	638.021
-1.77712	637.719
-1.77592	637.415
-1.77471	637.106
-1.77351	636.795
-1.7723	636.481
-1.7711	636.163
-1.76989	635.843
-1.76869	635.519
-1.76748	635.193
-1.76627	634.864
-1.76507	634.532
-1.76386	634.197
-1.76266	633.86
-1.76145	633.52
-1.76025	633.178
-1.75904	632.833
-1.75783	632.485
-1.75663	632.135
-1.75542	631.783
-1.75422	631.428
-1.75301	631.071
-1.75181	630.712
-1.7506	630.35
-1.7494	629.987
-1.74819	629.621
-1.74698	629.253
-1.74578	628.884
-1.74457	628.512
-1.74337	628.138
-1.74216	627.763
-1.74096	627.385
-1.73975	627.006
-1.73854	626.625
-1.73734	626.243
-1.73613	625.858
-1.73493	625.472
-1.73372	625.085
-1.73252	624.696
-1.73131	624.305
-1.7301	623.913
-1.7289	623.519
-1.72769	623.125
-1.72649	622.728
-1.72528	622.331
-1.72408	621.932
-1.72287	621.532
-1.72167	621.13
-1.72046	620.728
-1.71925	620.324
-1.71805	619.919
-1.71684	619.513
-1.71564	619.106
-1.71443	618.698
-1.71323	618.289
-1.71202	617.879
-1.71081	617.468
-1.70961	617.056
-1.7084	616.643
-1.7072	616.23
-1.70599	615.815
-1.70479	615.4
-1.70358	614.984
-1.70237	614.567
-1.70117	614.15
-1.69996	613.732
-1.69876	613.313
-1.69755	612.894
-1.69635	612.474
-1.69514	612.053
-1.69394	611.632
-1.69273	611.21
-1.69152	610.788
-1.69032	610.365
-1.68911	609.942
-1.68791	609.518
-1.6867	609.094
-1.6855	608.669
-1.68429	608.244
-1.68308	607.819
-1.68188	607.393
-1.68067	606.967
-1.67947	606.54
-1.67826	606.114
-1.67706	605.686
-1.67585	605.259
-1.67464	604.831
-1.67344	604.403
-1.67223	603.975
-1.67103	603.547
-1.66982	603.118
-1.66862	602.69
-1.66741	602.261
-1.66621	601.831
-1.665	601.402
-1.66379	600.973
-1.66259	600.543
-1.66138	600.113
-1.66018	599.683
-1.65897	599.254
-1.65777	598.824
-1.65656	598.393
-1.65535	597.963
-1.65415	597.533
-1.65294	597.103
-1.65174	596.673
-1.65053	596.242
-1.64933	595.812
-1.64812	595.382
-1.64692	594.951
-1.64571	594.521
-1.6445	594.091
-1.6433	593.661
-1.64209	593.23
-1.64089	592.8
-1.63968	592.37
-1.63848	591.94
-1.63727	591.511
-1.63606	591.081
-1.63486	590.651
-1.63365	590.222
-1.63245	589.792
-1.63124	589.363
-1.63004	588.934
-1.62883	588.505
-1.62762	588.076
-1.62642	587.648
-1.62521	587.219
-1.62401	586.791
-1.6228	586.363
-1.6216	585.936
-1.62039	585.508
-1.61919	585.081
-1.61798	584.654
-1.61677	584.227
-1.61557	583.801
-1.61436	583.375
-1.61316	582.949
-1.61195	582.523
-1.61075	582.098
-1.60954	581.673
-1.60833	581.249
-1.60713	580.825
-1.60592	580.401
-1.60472	579.977
-1.60351	579.554
-1.60231	579.132
-1.6011	578.71
-1.59989	578.288
-1.59869	577.867
-1.59748	577.446
-1.59628	577.025
-1.59507	576.606
-1.59387	576.186
-1.59266	575.767
-1.59146	575.349
-1.59025	574.931
-1.58904	574.514
-1.58784	574.097
-1.58663	573.681
-1.58543	573.265
-1.58422	572.85
-1.58302	572.436
-1.58181	572.022
-1.5806	571.609
-1.5794	571.196
-1.57819	570.785
-1.57699	570.373
-1.57578	569.963
-1.57458	569.553
-1.57337	569.144
-1.57216	568.735
-1.57096	568.327
-1.56975	567.92
-1.56855	567.514
-1.56734	567.108
-1.56614	566.703
-1.56493	566.299
-1.56373	565.896
-1.56252	565.493
-1.56131	565.091
-1.56011	564.69
-1.5589	564.29
-1.5577	563.891
-1.55649	563.492
-1.55529	563.094
-1.55408	562.697
-1.55287	562.301
-1.55167	561.906
-1.55046	561.511
-1.54926	561.117
-1.54805	560.724
-1.54685	560.332
-1.54564	559.941
-1.54443	559.551
-1.54323	559.161
-1.54202	558.773
-1.54082	558.385
-1.53961	557.998
-1.53841	557.612
-1.5372	557.226
-1.536	556.842
-1.53479	556.458
-1.53358	556.076
-1.53238	555.694
-1.53117	555.313
-1.52997	554.932
-1.52876	554.553
-1.52756	554.174
-1.52635	553.797
-1.52514	553.42
-1.52394	553.044
-1.52273	552.668
-1.52153	552.294
-1.52032	551.92
-1.51912	551.547
-1.51791	551.175
-1.51671	550.804
-1.5155	550.433
-1.51429	550.064
-1.51309	549.695
-1.51188	549.326
-1.51068	548.959
-1.50947	548.592
-1.50827	548.226
-1.50706	547.861
-1.50585	547.496
-1.50465	547.133
-1.50344	546.769
-1.50224	546.407
-1.50103	546.045
-1.49983	545.684
-1.49862	545.324
-1.49741	544.964
-1.49621	544.605
-1.495	544.247
-1.4938	543.889
-1.49259	543.532
-1.49139	543.175
-1.49018	542.82
-1.48898	542.464
-1.48777	542.11
-1.48656	541.756
-1.48536	541.402
-1.48415	541.049
-1.48295	540.697
-1.48174	540.345
-1.48054	539.994
-1.47933	539.644
-1.47812	539.294
-1.47692	538.944
-1.47571	538.595
-1.47451	538.247
-1.4733	537.899
-1.4721	537.552
-1.47089	537.205
-1.46968	536.859
-1.46848	536.513
-1.46727	536.168
-1.46607	535.823
-1.46486	535.479
-1.46366	535.135
-1.46245	534.792
-1.46125	534.45
-1.46004	534.108
-1.45883	533.766
-1.45763	533.425
-1.45642	533.085
-1.45522	532.745
-1.45401	532.405
-1.45281	532.066
-1.4516	531.728
-1.45039	531.39
-1.44919	531.053
-1.44798	530.716
-1.44678	530.38
-1.44557	530.044
-1.44437	529.709
-1.44316	529.375
-1.44195	529.041
-1.44075	528.708
-1.43954	528.375
-1.43834	528.043
-1.43713	527.711
-1.43593	527.38
-1.43472	527.05
-1.43352	526.72
-1.43231	526.391
-1.4311	526.063
-1.4299	525.735
-1.42869	525.408
-1.42749	525.082
-1.42628	524.756
-1.42508	524.431
-1.42387	524.107
-1.42266	523.784
-1.42146	523.461
-1.42025	523.139
-1.41905	522.817
-1.41784	522.497
-1.41664	522.177
-1.41543	521.858
-1.41422	521.54
-1.41302	521.223
-1.41181	520.906
-1.41061	520.591
-1.4094	520.276
-1.4082	519.962
-1.40699	519.649
-1.40579	519.337
-1.40458	519.025
-1.40337	518.715
-1.40217	518.405
-1.40096	518.097
-1.39976	517.789
-1.39855	517.482
-1.39735	517.176
-1.39614	516.872
-1.39493	516.568
-1.39373	516.265
-1.39252	515.963
-1.39132	515.662
-1.39011	515.362
-1.38891	515.063
-1.3877	514.765
-1.3865	514.468
-1.38529	514.172
-1.38408	513.877
-1.38288	513.583
-1.38167	513.29
-1.38047	512.999
-1.37926	512.708
-1.37806	512.418
-1.37685	512.129
-1.37564	511.841
-1.37444	511.555
-1.37323	511.269
-1.37203	510.985
-1.37082	510.701
-1.36962	510.418
-1.36841	510.137
-1.3672	509.856
-1.366	509.577
-1.36479	509.299
-1.36359	509.021
-1.36238	508.745
-1.36118	508.469
-1.35997	508.195
-1.35877	507.921
-1.35756	507.649
-1.35635	507.378
-1.35515	507.107
-1.35394	506.837
-1.35274	506.569
-1.35153	506.301
-1.35033	506.034
-1.34912	505.769
-1.34791	505.504
-1.34671	505.24
-1.3455	504.977
-1.3443	504.714
-1.34309	504.453
-1.34189	504.192
-1.34068	503.933
-1.33947	503.674
-1.33827	503.416
-1.33706	503.158
-1.33586	502.902
-1.33465	502.646
-1.33345	502.391
-1.33224	502.137
-1.33104	501.883
-1.32983	501.63
-1.32862	501.378
-1.32742	501.126
-1.32621	500.876
-1.32501	500.625
-1.3238	500.376
-1.3226	500.127
-1.32139	499.878
-1.32018	499.63
-1.31898	499.383
-1.31777	499.136
-1.31657	498.89
-1.31536	498.644
-1.31416	498.399
-1.31295	498.154
-1.31174	497.909
-1.31054	497.665
-1.30933	497.422
-1.30813	497.179
-1.30692	496.936
-1.30572	496.694
-1.30451	496.452
-1.30331	496.21
-1.3021	495.969
-1.30089	495.728
-1.29969	495.488
-1.29848	495.247
-1.29728	495.007
-1.29607	494.768
-1.29487	494.528
-1.29366	494.289
-1.29245	494.05
-1.29125	493.812
-1.29004	493.573
-1.28884	493.335
-1.28763	493.097
-1.28643	492.86
-1.28522	492.622
-1.28402	492.385
-1.28281	492.148
-1.2816	491.911
-1.2804	491.675
-1.27919	491.438
-1.27799	491.202
-1.27678	490.966
-1.27558	490.731
-1.27437	490.495
-1.27316	490.26
-1.27196	490.025
-1.27075	489.79
-1.26955	489.555
-1.26834	489.32
-1.26714	489.086
-1.26593	488.852
-1.26472	488.618
-1.26352	488.385
-1.26231	488.152
-1.26111	487.919
-1.2599	487.686
-1.2587	487.453
-1.25749	487.221
-1.25629	486.989
-1.25508	486.758
-1.25387	486.527
-1.25267	486.296
-1.25146	486.065
-1.25026	485.835
-1.24905	485.605
-1.24785	485.376
-1.24664	485.147
-1.24543	484.918
-1.24423	484.69
-1.24302	484.462
-1.24182	484.235
-1.24061	484.008
-1.23941	483.782
-1.2382	483.556
-1.23699	483.331
-1.23579	483.106
-1.23458	482.882
-1.23338	482.658
-1.23217	482.435
-1.23097	482.213
-1.22976	481.991
-1.22856	481.77
-1.22735	481.55
-1.22614	481.33
-1.22494	481.111
-1.22373	480.893
-1.22253	480.676
-1.22132	480.459
-1.22012	480.243
-1.21891	480.028
-1.2177	479.814
-1.2165	479.6
-1.21529	479.388
-1.21409	479.176
-1.21288	478.965
-1.21168	478.755
-1.21047	478.546
-1.20926	478.338
-1.20806	478.131
-1.20685	477.925
-1.20565	477.72
-1.20444	477.516
-1.20324	477.313
-1.20203	477.111
-1.20083	476.91
-1.19962	476.71
-1.19841	476.511
-1.19721	476.313
-1.196	476.116
-1.1948	475.921
-1.19359	475.726
-1.19239	475.533
-1.19118	475.34
-1.18997	475.149
-1.18877	474.959
-1.18756	474.77
-1.18636	474.582
-1.18515	474.396
-1.18395	474.21
-1.18274	474.026
-1.18153	473.842
-1.18033	473.66
-1.17912	473.479
-1.17792	473.3
-1.17671	473.121
-1.17551	472.943
-1.1743	472.767
-1.1731	472.592
-1.17189	472.418
-1.17068	472.245
-1.16948	472.073
-1.16827	471.902
-1.16707	471.733
-1.16586	471.564
-1.16466	471.397
-1.16345	471.23
-1.16224	471.065
-1.16104	470.901
-1.15983	470.737
-1.15863	470.575
-1.15742	470.414
-1.15622	470.254
-1.15501	470.095
-1.15381	469.936
-1.1526	469.779
-1.15139	469.623
-1.15019	469.467
-1.14898	469.313
-1.14778	469.159
-1.14657	469.006
-1.14537	468.854
-1.14416	468.703
-1.14295	468.553
-1.14175	468.403
-1.14054	468.254
-1.13934	468.106
-1.13813	467.959
-1.13693	467.812
-1.13572	467.666
-1.13451	467.52
-1.13331	467.375
-1.1321	467.231
-1.1309	467.087
-1.12969	466.944
-1.12849	466.801
-1.12728	466.659
-1.12608	466.517
-1.12487	466.376
-1.12366	466.235
-1.12246	466.094
-1.12125	465.954
-1.12005	465.814
-1.11884	465.675
-1.11764	465.535
-1.11643	465.396
-1.11522	465.257
-1.11402	465.119
-1.11281	464.98
-1.11161	464.842
-1.1104	464.704
-1.1092	464.566
-1.10799	464.428
-1.10678	464.29
-1.10558	464.152
-1.10437	464.014
-1.10317	463.876
-1.10196	463.738
-1.10076	463.6
-1.09955	463.462
-1.09835	463.323
-1.09714	463.185
-1.09593	463.047
-1.09473	462.908
-1.09352	462.769
-1.09232	462.63
-1.09111	462.491
-1.08991	462.352
-1.0887	462.212
-1.08749	462.072
-1.08629	461.932
-1.08508	461.792
-1.08388	461.651
-1.08267	461.51
-1.08147	461.369
-1.08026	461.227
-1.07905	461.085
-1.07785	460.943
-1.07664	460.801
-1.07544	460.658
-1.07423	460.514
-1.07303	460.371
-1.07182	460.227
-1.07062	460.083
-1.06941	459.938
-1.0682	459.793
-1.067	459.648
-1.06579	459.502
-1.06459	459.356
-1.06338	459.21
-1.06218	459.063
-1.06097	458.916
-1.05976	458.768
-1.05856	458.621
-1.05735	458.473
-1.05615	458.324
-1.05494	458.175
-1.05374	458.027
-1.05253	457.877
-1.05132	457.728
-1.05012	457.578
-1.04891	457.428
-1.04771	457.278
-1.0465	457.127
-1.0453	456.977
-1.04409	456.826
-1.04289	456.675
-1.04168	456.524
-1.04047	456.373
-1.03927	456.221
-1.03806	456.07
-1.03686	455.918
-1.03565	455.767
-1.03445	455.615
-1.03324	455.463
-1.03203	455.312
-1.03083	455.16
-1.02962	455.008
-1.02842	454.857
-1.02721	454.706
-1.02601	454.554
-1.0248	454.403
-1.0236	454.252
-1.02239	454.101
-1.02118	453.951
-1.01998	453.8
-1.01877	453.65
-1.01757	453.5
-1.01636	453.351
-1.01516	453.201
-1.01395	453.053
-1.01274	452.904
-1.01154	452.756
-1.01033	452.608
-1.00913	452.461
-1.00792	452.314
-1.00672	452.168
-1.00551	452.022
-1.0043	451.877
-1.0031	451.732
-1.00189	451.588
-1.00069	451.444
-0.999482	451.301
-0.998276	451.159
-0.997071	451.017
-0.995865	450.876
-0.99466	450.736
-0.993454	450.596
-0.992248	450.458
-0.991043	450.319
-0.989837	450.182
-0.988631	450.045
-0.987426	449.91
-0.98622	449.775
-0.985014	449.64
-0.983809	449.507
-0.982603	449.374
-0.981397	449.243
-0.980192	449.112
-0.978986	448.982
-0.97778	448.853
-0.976575	448.725
-0.975369	448.597
-0.974163	448.471
-0.972958	448.345
-0.971752	448.221
-0.970547	448.097
-0.969341	447.974
-0.968135	447.853
-0.96693	447.732
-0.965724	447.612
-0.964518	447.493
-0.963313	447.374
-0.962107	447.257
-0.960901	447.141
-0.959696	447.025
-0.95849	446.911
-0.957284	446.797
-0.956079	446.684
-0.954873	446.573
-0.953667	446.462
-0.952462	446.351
-0.951256	446.242
-0.950051	446.134
-0.948845	446.026
-0.947639	445.919
-0.946434	445.813
-0.945228	445.708
-0.944022	445.603
-0.942817	445.5
-0.941611	445.397
-0.940405	445.294
-0.9392	445.193
-0.937994	445.092
-0.936788	444.991
-0.935583	444.892
-0.934377	444.793
-0.933171	444.694
-0.931966	444.596
-0.93076	444.499
-0.929555	444.402
-0.928349	444.306
-0.927143	444.21
-0.925938	444.114
-0.924732	444.019
-0.923526	443.925
-0.922321	443.83
-0.921115	443.737
-0.919909	443.643
-0.918704	443.55
-0.917498	443.456
-0.916292	443.363
-0.915087	443.271
-0.913881	443.178
-0.912675	443.086
-0.91147	442.993
-0.910264	442.901
-0.909059	442.809
-0.907853	442.717
-0.906647	442.625
-0.905442	442.532
-0.904236	442.44
-0.90303	442.347
-0.901825	442.255
-0.900619	442.162
-0.899413	442.069
-0.898208	441.976
-0.897002	441.883
-0.895796	441.789
-0.894591	441.695
-0.893385	441.601
-0.892179	441.506
-0.890974	441.411
-0.889768	441.315
-0.888562	441.219
-0.887357	441.123
-0.886151	441.026
-0.884946	440.928
-0.88374	440.83
-0.882534	440.732
-0.881329	440.633
-0.880123	440.533
-0.878917	440.433
-0.877712	440.332
-0.876506	440.23
-0.8753	440.128
-0.874095	440.025
-0.872889	439.921
-0.871683	439.816
-0.870478	439.711
-0.869272	439.605
-0.868066	439.498
-0.866861	439.391
-0.865655	439.282
-0.86445	439.173
-0.863244	439.063
-0.862038	438.952
-0.860833	438.84
-0.859627	438.728
-0.858421	438.615
-0.857216	438.5
-0.85601	438.385
-0.854804	438.269
-0.853599	438.152
-0.852393	438.035
-0.851187	437.916
-0.849982	437.797
-0.848776	437.677
-0.84757	437.556
-0.846365	437.434
-0.845159	437.311
-0.843954	437.187
-0.842748	437.063
-0.841542	436.938
-0.840337	436.812
-0.839131	436.685
-0.837925	436.557
-0.83672	436.429
-0.835514	436.3
-0.834308	436.17
-0.833103	436.04
-0.831897	435.908
-0.830691	435.776
-0.829486	435.644
-0.82828	435.511
-0.827074	435.377
-0.825869	435.242
-0.824663	435.107
-0.823458	434.972
-0.822252	434.836
-0.821046	434.699
-0.819841	434.562
-0.818635	434.425
-0.817429	434.287
-0.816224	434.148
-0.815018	434.01
-0.813812	433.871
-0.812607	433.731
-0.811401	433.592
-0.810195	433.452
-0.80899	433.312
-0.807784	433.172
-0.806578	433.031
-0.805373	432.891
-0.804167	432.75
-0.802961	432.61
-0.801756	432.469
-0.80055	432.328
-0.799345	432.188
-0.798139	432.047
-0.796933	431.907
-0.795728	431.766
-0.794522	431.626
-0.793316	431.486
-0.792111	431.347
-0.790905	431.207
-0.789699	431.068
-0.788494	430.93
-0.787288	430.791
-0.786082	430.653
-0.784877	430.516
-0.783671	430.379
-0.782465	430.242
-0.78126	430.106
-0.780054	429.971
-0.778849	429.836
-0.777643	429.702
-0.776437	429.569
-0.775232	429.436
-0.774026	429.304
-0.77282	429.173
-0.771615	429.042
-0.770409	428.913
-0.769203	428.784
-0.767998	428.656
-0.766792	428.529
-0.765586	428.403
-0.764381	428.278
-0.763175	428.153
-0.761969	428.03
-0.760764	427.908
-0.759558	427.787
-0.758353	427.667
-0.757147	427.548
-0.755941	427.43
-0.754736	427.313
-0.75353	427.197
-0.752324	427.082
-0.751119	426.969
-0.749913	426.857
-0.748707	426.745
-0.747502	426.635
-0.746296	426.527
-0.74509	426.419
-0.743885	426.313
-0.742679	426.208
-0.741473	426.104
-0.740268	426.001
-0.739062	425.9
-0.737857	425.8
-0.736651	425.701
-0.735445	425.603
-0.73424	425.506
-0.733034	425.411
-0.731828	425.317
-0.730623	425.225
-0.729417	425.133
-0.728211	425.043
-0.727006	424.954
-0.7258	424.866
-0.724594	424.779
-0.723389	424.694
-0.722183	424.61
-0.720977	424.527
-0.719772	424.445
-0.718566	424.364
-0.71736	424.284
-0.716155	424.206
-0.714949	424.128
-0.713744	424.052
-0.712538	423.976
-0.711332	423.902
-0.710127	423.829
-0.708921	423.756
-0.707715	423.685
-0.70651	423.615
-0.705304	423.545
-0.704098	423.477
-0.702893	423.409
-0.701687	423.342
-0.700481	423.276
-0.699276	423.211
-0.69807	423.146
-0.696864	423.083
-0.695659	423.02
-0.694453	422.957
-0.693248	422.896
-0.692042	422.834
-0.690836	422.774
-0.689631	422.714
-0.688425	422.654
-0.687219	422.595
-0.686014	422.537
-0.684808	422.479
-0.683602	422.421
-0.682397	422.363
-0.681191	422.306
-0.679985	422.249
-0.67878	422.193
-0.677574	422.136
-0.676368	422.08
-0.675163	422.024
-0.673957	421.968
-0.672752	421.912
-0.671546	421.856
-0.67034	421.8
-0.669135	421.744
-0.667929	421.688
-0.666723	421.632
-0.665518	421.576
-0.664312	421.519
-0.663106	421.462
-0.661901	421.405
-0.660695	421.348
-0.659489	421.29
-0.658284	421.233
-0.657078	421.174
-0.655872	421.116
-0.654667	421.056
-0.653461	420.997
-0.652256	420.937
-0.65105	420.876
-0.649844	420.815
-0.648639	420.753
-0.647433	420.691
-0.646227	420.628
-0.645022	420.564
-0.643816	420.5
-0.64261	420.435
-0.641405	420.369
-0.640199	420.303
-0.638993	420.235
-0.637788	420.167
-0.636582	420.098
-0.635376	420.029
-0.634171	419.958
-0.632965	419.887
-0.631759	419.815
-0.630554	419.741
-0.629348	419.667
-0.628143	419.593
-0.626937	419.517
-0.625731	419.44
-0.624526	419.362
-0.62332	419.284
-0.622114	419.204
-0.620909	419.124
-0.619703	419.042
-0.618497	418.96
-0.617292	418.876
-0.616086	418.792
-0.61488	418.707
-0.613675	418.621
-0.612469	418.534
-0.611263	418.446
-0.610058	418.357
-0.608852	418.267
-0.607647	418.176
-0.606441	418.084
-0.605235	417.992
-0.60403	417.898
-0.602824	417.804
-0.601618	417.709
-0.600413	417.613
-0.599207	417.516
-0.598001	417.418
-0.596796	417.32
-0.59559	417.221
-0.594384	417.121
-0.593179	417.02
-0.591973	416.919
-0.590767	416.817
-0.589562	416.714
-0.588356	416.611
-0.587151	416.507
-0.585945	416.403
-0.584739	416.298
-0.583534	416.192
-0.582328	416.086
-0.581122	415.98
-0.579917	415.873
-0.578711	415.765
-0.577505	415.658
-0.5763	415.55
-0.575094	415.442
-0.573888	415.333
-0.572683	415.224
-0.571477	415.116
-0.570271	415.006
-0.569066	414.897
-0.56786	414.788
-0.566655	414.679
-0.565449	414.569
-0.564243	414.46
-0.563038	414.351
-0.561832	414.241
-0.560626	414.132
-0.559421	414.023
-0.558215	413.915
-0.557009	413.806
-0.555804	413.698
-0.554598	413.59
-0.553392	413.483
-0.552187	413.376
-0.550981	413.269
-0.549775	413.163
-0.54857	413.057
-0.547364	412.952
-0.546158	412.847
-0.544953	412.743
-0.543747	412.64
-0.542542	412.537
-0.541336	412.435
-0.54013	412.334
-0.538925	412.234
-0.537719	412.134
-0.536513	412.035
-0.535308	411.937
-0.534102	411.84
-0.532896	411.744
-0.531691	411.649
-0.530485	411.555
-0.529279	411.462
-0.528074	411.37
-0.526868	411.279
-0.525662	411.189
-0.524457	411.1
-0.523251	411.012
-0.522046	410.926
-0.52084	410.841
-0.519634	410.757
-0.518429	410.674
-0.517223	410.592
-0.516017	410.512
-0.514812	410.433
-0.513606	410.355
-0.5124	410.279
-0.511195	410.204
-0.509989	410.13
-0.508783	410.058
-0.507578	409.987
-0.506372	409.917
-0.505166	409.849
-0.503961	409.782
-0.502755	409.716
-0.50155	409.652
-0.500344	409.59
-0.499138	409.528
-0.497933	409.469
-0.496727	409.41
-0.495521	409.353
-0.494316	409.298
-0.49311	409.244
-0.491904	409.191
-0.490699	409.139
-0.489493	409.089
-0.488287	409.041
-0.487082	408.994
-0.485876	408.948
-0.48467	408.903
-0.483465	408.86
-0.482259	408.818
-0.481054	408.778
-0.479848	408.739
-0.478642	408.701
-0.477437	408.664
-0.476231	408.629
-0.475025	408.595
-0.47382	408.562
-0.472614	408.53
-0.471408	408.5
-0.470203	408.47
-0.468997	408.442
-0.467791	408.415
-0.466586	408.389
-0.46538	408.364
-0.464174	408.34
-0.462969	408.317
-0.461763	408.295
-0.460557	408.273
-0.459352	408.253
-0.458146	408.234
-0.456941	408.215
-0.455735	408.198
-0.454529	408.181
-0.453324	408.164
-0.452118	408.149
-0.450912	408.134
-0.449707	408.12
-0.448501	408.106
-0.447295	408.093
-0.44609	408.081
-0.444884	408.069
-0.443678	408.057
-0.442473	408.046
-0.441267	408.035
-0.440061	408.025
-0.438856	408.015
-0.43765	408.005
-0.436445	407.995
-0.435239	407.986
-0.434033	407.976
-0.432828	407.967
-0.431622	407.958
-0.430416	407.949
-0.429211	407.94
-0.428005	407.931
-0.426799	407.922
-0.425594	407.912
-0.424388	407.903
-0.423182	407.893
-0.421977	407.883
-0.420771	407.873
-0.419565	407.862
-0.41836	407.852
-0.417154	407.84
-0.415949	407.829
-0.414743	407.817
-0.413537	407.804
-0.412332	407.791
-0.411126	407.778
-0.40992	407.764
-0.408715	407.749
-0.407509	407.733
-0.406303	407.717
-0.405098	407.701
-0.403892	407.683
-0.402686	407.665
-0.401481	407.646
-0.400275	407.626
-0.399069	407.606
-0.397864	407.584
-0.396658	407.562
-0.395453	407.539
-0.394247	407.515
-0.393041	407.49
-0.391836	407.464
-0.39063	407.437
-0.389424	407.409
-0.388219	407.38
-0.387013	407.351
-0.385807	407.32
-0.384602	407.288
-0.383396	407.255
-0.38219	407.221
-0.380985	407.186
-0.379779	407.15
-0.378573	407.113
-0.377368	407.074
-0.376162	407.035
-0.374956	406.995
-0.373751	406.953
-0.372545	406.911
-0.37134	406.867
-0.370134	406.822
-0.368928	406.777
-0.367723	406.73
-0.366517	406.682
-0.365311	406.633
-0.364106	406.583
-0.3629	406.532
-0.361694	406.48
-0.360489	406.427
-0.359283	406.373
-0.358077	406.318
-0.356872	406.262
-0.355666	406.205
-0.35446	406.148
-0.353255	406.089
-0.352049	406.03
-0.350844	405.969
-0.349638	405.908
-0.348432	405.846
-0.347227	405.783
-0.346021	405.72
-0.344815	405.655
-0.34361	405.59
-0.342404	405.524
-0.341198	405.458
-0.339993	405.391
-0.338787	405.324
-0.337581	405.255
-0.336376	405.187
-0.33517	405.118
-0.333964	405.048
-0.332759	404.978
-0.331553	404.908
-0.330348	404.837
-0.329142	404.766
-0.327936	404.694
-0.326731	404.623
-0.325525	404.551
-0.324319	404.479
-0.323114	404.407
-0.321908	404.335
-0.320702	404.262
-0.319497	404.19
-0.318291	404.118
-0.317085	404.046
-0.31588	403.973
-0.314674	403.901
-0.313468	403.83
-0.312263	403.758
-0.311057	403.687
-0.309852	403.616
-0.308646	403.545
-0.30744	403.475
-0.306235	403.405
-0.305029	403.335
-0.303823	403.266
-0.302618	403.198
-0.301412	403.13
-0.300206	403.063
-0.299001	402.996
-0.297795	402.93
-0.296589	402.865
-0.295384	402.8
-0.294178	402.737
-0.292972	402.674
-0.291767	402.612
-0.290561	402.551
-0.289355	402.49
-0.28815	402.431
-0.286944	402.373
-0.285739	402.316
-0.284533	402.259
-0.283327	402.204
-0.282122	402.15
-0.280916	402.097
-0.27971	402.046
-0.278505	401.995
-0.277299	401.946
-0.276093	401.898
-0.274888	401.851
-0.273682	401.806
-0.272476	401.761
-0.271271	401.718
-0.270065	401.677
-0.268859	401.637
-0.267654	401.598
-0.266448	401.561
-0.265243	401.525
-0.264037	401.49
-0.262831	401.457
-0.261626	401.425
-0.26042	401.395
-0.259214	401.366
-0.258009	401.339
-0.256803	401.314
-0.255597	401.289
-0.254392	401.267
-0.253186	401.245
-0.25198	401.226
-0.250775	401.208
-0.249569	401.191
-0.248363	401.176
-0.247158	401.162
-0.245952	401.15
-0.244747	401.139
-0.243541	401.13
-0.242335	401.123
-0.24113	401.117
-0.239924	401.112
-0.238718	401.109
-0.237513	401.107
-0.236307	401.107
-0.235101	401.108
-0.233896	401.11
-0.23269	401.114
-0.231484	401.12
-0.230279	401.126
-0.229073	401.134
-0.227867	401.144
-0.226662	401.155
-0.225456	401.166
-0.224251	401.18
-0.223045	401.194
-0.221839	401.21
-0.220634	401.227
-0.219428	401.245
-0.218222	401.264
-0.217017	401.284
-0.215811	401.306
-0.214605	401.328
-0.2134	401.351
-0.212194	401.376
-0.210988	401.401
-0.209783	401.428
-0.208577	401.455
-0.207371	401.483
-0.206166	401.512
-0.20496	401.541
-0.203754	401.571
-0.202549	401.602
-0.201343	401.634
-0.200138	401.667
-0.198932	401.699
-0.197726	401.733
-0.196521	401.767
-0.195315	401.801
-0.194109	401.836
-0.192904	401.872
-0.191698	401.907
-0.190492	401.943
-0.189287	401.979
-0.188081	402.016
-0.186875	402.053
-0.18567	402.089
-0.184464	402.126
-0.183258	402.163
-0.182053	402.2
-0.180847	402.237
-0.179642	402.274
-0.178436	402.311
-0.17723	402.348
-0.176025	402.384
-0.174819	402.42
-0.173613	402.457
-0.172408	402.492
-0.171202	402.528
-0.169996	402.563
-0.168791	402.597
-0.167585	402.632
-0.166379	402.665
-0.165174	402.698
-0.163968	402.731
-0.162762	402.763
-0.161557	402.794
-0.160351	402.825
-0.159146	402.855
-0.15794	402.885
-0.156734	402.913
-0.155529	402.941
-0.154323	402.968
-0.153117	402.994
-0.151912	403.019
-0.150706	403.043
-0.1495	403.067
-0.148295	403.089
-0.147089	403.111
-0.145883	403.131
-0.144678	403.151
-0.143472	403.169
-0.142266	403.186
-0.141061	403.202
-0.139855	403.218
-0.13865	403.232
-0.137444	403.244
-0.136238	403.256
-0.135033	403.267
-0.133827	403.276
-0.132621	403.284
-0.131416	403.291
-0.13021	403.297
-0.129004	403.301
-0.127799	403.305
-0.126593	403.307
-0.125387	403.307
-0.124182	403.307
-0.122976	403.305
-0.12177	403.303
-0.120565	403.298
-0.119359	403.293
-0.118153	403.287
-0.116948	403.279
-0.115742	403.27
-0.114537	403.259
-0.113331	403.248
-0.112125	403.235
-0.11092	403.222
-0.109714	403.207
-0.108508	403.191
-0.107303	403.173
-0.106097	403.155
-0.104891	403.135
-0.103686	403.115
-0.10248	403.093
-0.101274	403.07
-0.100069	403.046
-0.0988631	403.022
-0.0976575	402.996
-0.0964518	402.969
-0.0952462	402.941
-0.0940405	402.913
-0.0928349	402.883
-0.0916292	402.853
-0.0904236	402.822
-0.0892179	402.79
-0.0880123	402.757
-0.0868066	402.723
-0.085601	402.689
-0.0843954	402.654
-0.0831897	402.619
-0.0819841	402.582
-0.0807784	402.545
-0.0795728	402.508
-0.0783671	402.47
-0.0771615	402.432
-0.0759558	402.393
-0.0747502	402.354
-0.0735445	402.314
-0.0723389	402.274
-0.0711332	402.234
-0.0699276	402.194
-0.0687219	402.153
-0.0675163	402.112
-0.0663106	402.071
-0.065105	402.03
-0.0638993	401.988
-0.0626937	401.947
-0.061488	401.906
-0.0602824	401.864
-0.0590767	401.823
-0.0578711	401.782
-0.0566655	401.741
-0.0554598	401.701
-0.0542542	401.66
-0.0530485	401.62
-0.0518429	401.58
-0.0506372	401.54
-0.0494316	401.501
-0.0482259	401.462
-0.0470203	401.424
-0.0458146	401.386
-0.044609	401.348
-0.0434033	401.312
-0.0421977	401.275
-0.040992	401.24
-0.0397864	401.205
-0.0385807	401.17
-0.0373751	401.137
-0.0361694	401.104
-0.0349638	401.072
-0.0337581	401.04
-0.0325525	401.01
-0.0313468	400.98
-0.0301412	400.952
-0.0289355	400.924
-0.0277299	400.897
-0.0265243	400.871
-0.0253186	400.846
-0.024113	400.822
-0.0229073	400.799
-0.0217017	400.777
-0.020496	400.757
-0.0192904	400.737
-0.0180847	400.718
-0.0168791	400.701
-0.0156734	400.685
-0.0144678	400.669
-0.0132621	400.655
-0.0120565	400.643
-0.0108508	400.631
-0.00964518	400.62
-0.00843954	400.611
-0.00723389	400.603
-0.00602824	400.596
-0.00482259	400.591
-0.00361694	400.586
-0.0024113	400.583
-0.00120565	400.582
9.32587e-15	400.581
0.00120565	400.582
0.0024113	400.584
0.00361694	400.587
0.00482259	400.591
0.00602824	400.597
0.00723389	400.604
0.00843954	400.612
0.00964518	400.621
0.0108508	400.631
0.0120565	400.643
0.0132621	400.656
0.0144678	400.67
0.0156734	400.685
0.0168791	400.702
0.0180847	400.719
0.0192904	400.738
0.020496	400.758
0.0217017	400.778
0.0229073	400.8
0.024113	400.823
0.0253186	400.847
0.0265243	400.872
0.0277299	400.898
0.0289355	400.925
0.0301412	400.953
0.0313468	400.982
0.0325525	401.012
0.0337581	401.042
0.0349638	401.073
0.0361694	401.106
0.0373751	401.138
0.0385807	401.172
0.0397864	401.207
0.040992	401.242
0.0421977	401.277
0.0434033	401.314
0.044609	401.351
0.0458146	401.388
0.0470203	401.426
0.0482259	401.464
0.0494316	401.503
0.0506372	401.543
0.0518429	401.582
0.0530485	401.622
0.0542542	401.663
0.0554598	401.703
0.0566655	401.744
0.0578711	401.785
0.0590767	401.826
0.0602824	401.867
0.061488	401.909
0.0626937	401.95
0.0638993	401.991
0.065105	402.033
0.0663106	402.074
0.0675163	402.115
0.0687219	402.156
0.0699276	402.197
0.0711332	402.237
0.0723389	402.278
0.0735445	402.318
0.0747502	402.357
0.0759558	402.397
0.0771615	402.436
0.0783671	402.474
0.0795728	402.512
0.0807784	402.549
0.0819841	402.586
0.0831897	402.622
0.0843954	402.658
0.085601	402.693
0.0868066	402.727
0.0880123	402.761
0.0892179	402.794
0.0904236	402.826
0.0916292	402.857
0.0928349	402.888
0.0940405	402.917
0.0952462	402.946
0.0964518	402.974
0.0976575	403.001
0.0988631	403.026
0.100069	403.051
0.101274	403.075
0.10248	403.098
0.103686	403.12
0.104891	403.14
0.106097	403.16
0.107303	403.178
0.108508	403.196
0.109714	403.212
0.11092	403.227
0.112125	403.241
0.113331	403.253
0.114537	403.265
0.115742	403.275
0.116948	403.284
0.118153	403.292
0.119359	403.299
0.120565	403.304
0.12177	403.308
0.122976	403.311
0.124182	403.313
0.125387	403.313
0.126593	403.313
0.127799	403.311
0.129004	403.307
0.13021	403.303
0.131416	403.297
0.132621	403.29
0.133827	403.282
0.135033	403.273
0.136238	403.262
0.137444	403.251
0.13865	403.238
0.139855	403.224
0.141061	403.209
0.142266	403.193
0.143472	403.176
0.144678	403.157
0.145883	403.138
0.147089	403.118
0.148295	403.096
0.1495	403.074
0.150706	403.051
0.151912	403.026
0.153117	403.001
0.154323	402.975
0.155529	402.948
0.156734	402.921
0.15794	402.892
0.159146	402.863
0.160351	402.833
0.161557	402.802
0.162762	402.771
0.163968	402.739
0.165174	402.706
0.166379	402.673
0.167585	402.64
0.168791	402.605
0.169996	402.571
0.171202	402.536
0.172408	402.5
0.173613	402.465
0.174819	402.429
0.176025	402.393
0.17723	402.356
0.178436	402.319
0.179642	402.283
0.180847	402.246
0.182053	402.209
0.183258	402.172
0.184464	402.135
0.18567	402.098
0.186875	402.061
0.188081	402.025
0.189287	401.988
0.190492	401.952
0.191698	401.916
0.192904	401.881
0.194109	401.846
0.195315	401.811
0.196521	401.776
0.197726	401.742
0.198932	401.709
0.200138	401.676
0.201343	401.644
0.202549	401.612
0.203754	401.581
0.20496	401.551
0.206166	401.521
0.207371	401.493
0.208577	401.465
0.209783	401.438
0.210988	401.411
0.212194	401.386
0.2134	401.362
0.214605	401.338
0.215811	401.316
0.217017	401.295
0.218222	401.274
0.219428	401.255
0.220634	401.237
0.221839	401.221
0.223045	401.205
0.224251	401.19
0.225456	401.177
0.226662	401.165
0.227867	401.155
0.229073	401.145
0.230279	401.137
0.231484	401.131
0.23269	401.125
0.233896	401.122
0.235101	401.119
0.236307	401.118
0.237513	401.118
0.238718	401.12
0.239924	401.123
0.24113	401.128
0.242335	401.134
0.243541	401.142
0.244747	401.151
0.245952	401.162
0.247158	401.174
0.248363	401.188
0.249569	401.203
0.250775	401.22
0.25198	401.238
0.253186	401.258
0.254392	401.279
0.255597	401.302
0.256803	401.326
0.258009	401.352
0.259214	401.379
0.26042	401.408
0.261626	401.438
0.262831	401.47
0.264037	401.503
0.265243	401.537
0.266448	401.573
0.267654	401.611
0.268859	401.65
0.270065	401.69
0.271271	401.731
0.272476	401.774
0.273682	401.819
0.274888	401.864
0.276093	401.911
0.277299	401.959
0.278505	402.009
0.27971	402.059
0.280916	402.111
0.282122	402.164
0.283327	402.218
0.284533	402.273
0.285739	402.329
0.286944	402.387
0.28815	402.445
0.289355	402.504
0.290561	402.565
0.291767	402.626
0.292972	402.688
0.294178	402.751
0.295384	402.815
0.296589	402.879
0.297795	402.944
0.299001	403.01
0.300206	403.077
0.301412	403.145
0.302618	403.212
0.303823	403.281
0.305029	403.35
0.306235	403.42
0.30744	403.49
0.308646	403.56
0.309852	403.631
0.311057	403.702
0.312263	403.773
0.313468	403.845
0.314674	403.917
0.31588	403.989
0.317085	404.061
0.318291	404.133
0.319497	404.206
0.320702	404.278
0.321908	404.35
0.323114	404.423
0.324319	404.495
0.325525	404.567
0.326731	404.639
0.327936	404.71
0.329142	404.782
0.330348	404.853
0.331553	404.924
0.332759	404.994
0.333964	405.064
0.33517	405.134
0.336376	405.203
0.337581	405.272
0.338787	405.34
0.339993	405.408
0.341198	405.475
0.342404	405.541
0.34361	405.607
0.344815	405.672
0.346021	405.736
0.347227	405.8
0.348432	405.863
0.349638	405.925
0.350844	405.986
0.352049	406.047
0.353255	406.106
0.35446	406.165
0.355666	406.223
0.356872	406.28
0.358077	406.336
0.359283	406.391
0.360489	406.445
0.361694	406.498
0.3629	406.55
0.364106	406.601
0.365311	406.651
0.366517	406.7
0.367723	406.748
0.368928	406.794
0.370134	406.84
0.37134	406.885
0.372545	406.929
0.373751	406.971
0.374956	407.013
0.376162	407.053
0.377368	407.093
0.378573	407.131
0.379779	407.168
0.380985	407.204
0.38219	407.239
0.383396	407.274
0.384602	407.307
0.385807	407.339
0.387013	407.369
0.388219	407.399
0.389424	407.428
0.39063	407.456
0.391836	407.483
0.393041	407.509
0.394247	407.534
0.395453	407.558
0.396658	407.582
0.397864	407.604
0.399069	407.625
0.400275	407.646
0.401481	407.666
0.402686	407.685
0.403892	407.703
0.405098	407.721
0.406303	407.737
0.407509	407.753
0.408715	407.769
0.40992	407.784
0.411126	407.798
0.412332	407.811
0.413537	407.825
0.414743	407.837
0.415949	407.849
0.417154	407.861
0.41836	407.872
0.419565	407.883
0.420771	407.894
0.421977	407.904
0.423182	407.914
0.424388	407.924
0.425594	407.933
0.426799	407.943
0.428005	407.952
0.429211	407.961
0.430416	407.97
0.431622	407.979
0.432828	407.989
0.434033	407.998
0.435239	408.007
0.436445	408.017
0.43765	408.026
0.438856	408.036
0.440061	408.047
0.441267	408.057
0.442473	408.068
0.443678	408.079
0.444884	408.091
0.44609	408.103
0.447295	408.115
0.448501	408.128
0.449707	408.142
0.450912	408.156
0.452118	408.171
0.453324	408.187
0.454529	408.203
0.455735	408.22
0.456941	408.238
0.458146	408.257
0.459352	408.276
0.460557	408.296
0.461763	408.318
0.462969	408.34
0.464174	408.363
0.46538	408.387
0.466586	408.412
0.467791	408.438
0.468997	408.465
0.470203	408.494
0.471408	408.523
0.472614	408.554
0.47382	408.586
0.475025	408.619
0.476231	408.653
0.477437	408.688
0.478642	408.725
0.479848	408.763
0.481054	408.802
0.482259	408.842
0.483465	408.884
0.48467	408.928
0.485876	408.972
0.487082	409.018
0.488287	409.065
0.489493	409.114
0.490699	409.164
0.491904	409.215
0.49311	409.268
0.494316	409.322
0.495521	409.378
0.496727	409.435
0.497933	409.493
0.499138	409.553
0.500344	409.615
0.50155	409.677
0.502755	409.741
0.503961	409.807
0.505166	409.874
0.506372	409.942
0.507578	410.012
0.508783	410.083
0.509989	410.155
0.511195	410.229
0.5124	410.304
0.513606	410.381
0.514812	410.459
0.516017	410.538
0.517223	410.618
0.518429	410.7
0.519634	410.783
0.52084	410.867
0.522046	410.952
0.523251	411.039
0.524457	411.126
0.525662	411.215
0.526868	411.305
0.528074	411.396
0.529279	411.488
0.530485	411.582
0.531691	411.676
0.532896	411.771
0.534102	411.867
0.535308	411.964
0.536513	412.062
0.537719	412.161
0.538925	412.261
0.54013	412.361
0.541336	412.463
0.542542	412.565
0.543747	412.668
0.544953	412.771
0.546158	412.875
0.547364	412.98
0.54857	413.085
0.549775	413.191
0.550981	413.297
0.552187	413.404
0.553392	413.511
0.554598	413.618
0.555804	413.726
0.557009	413.835
0.558215	413.943
0.559421	414.052
0.560626	414.161
0.561832	414.27
0.563038	414.379
0.564243	414.489
0.565449	414.598
0.566655	414.707
0.56786	414.817
0.569066	414.926
0.570271	415.035
0.571477	415.145
0.572683	415.254
0.573888	415.362
0.575094	415.471
0.5763	415.579
0.577505	415.687
0.578711	415.795
0.579917	415.902
0.581122	416.009
0.582328	416.116
0.583534	416.222
0.584739	416.327
0.585945	416.432
0.587151	416.537
0.588356	416.641
0.589562	416.744
0.590767	416.847
0.591973	416.949
0.593179	417.05
0.594384	417.151
0.59559	417.251
0.596796	417.35
0.598001	417.449
0.599207	417.547
0.600413	417.643
0.601618	417.74
0.602824	417.835
0.60403	417.929
0.605235	418.023
0.606441	418.115
0.607647	418.207
0.608852	418.298
0.610058	418.388
0.611263	418.477
0.612469	418.565
0.613675	418.652
0.61488	418.739
0.616086	418.824
0.617292	418.908
0.618497	418.992
0.619703	419.074
0.620909	419.156
0.622114	419.236
0.62332	419.316
0.624526	419.394
0.625731	419.472
0.626937	419.549
0.628143	419.625
0.629348	419.7
0.630554	419.774
0.631759	419.847
0.632965	419.92
0.634171	419.991
0.635376	420.062
0.636582	420.131
0.637788	420.2
0.638993	420.268
0.640199	420.336
0.641405	420.402
0.64261	420.468
0.643816	420.533
0.645022	420.598
0.646227	420.661
0.647433	420.724
0.648639	420.787
0.649844	420.849
0.65105	420.91
0.652256	420.971
0.653461	421.031
0.654667	421.091
0.655872	421.15
0.657078	421.209
0.658284	421.267
0.659489	421.325
0.660695	421.383
0.661901	421.44
0.663106	421.497
0.664312	421.554
0.665518	421.61
0.666723	421.667
0.667929	421.723
0.669135	421.779
0.67034	421.835
0.671546	421.891
0.672752	421.947
0.673957	422.003
0.675163	422.059
0.676368	422.116
0.677574	422.172
0.67878	422.228
0.679985	422.285
0.681191	422.342
0.682397	422.399
0.683602	422.457
0.684808	422.515
0.686014	422.573
0.687219	422.631
0.688425	422.691
0.689631	422.75
0.690836	422.81
0.692042	422.871
0.693248	422.932
0.694453	422.994
0.695659	423.056
0.696864	423.119
0.69807	423.183
0.699276	423.248
0.700481	423.313
0.701687	423.379
0.702893	423.446
0.704098	423.514
0.705304	423.583
0.70651	423.652
0.707715	423.723
0.708921	423.794
0.710127	423.866
0.711332	423.94
0.712538	424.014
0.713744	424.09
0.714949	424.166
0.716155	424.244
0.71736	424.322
0.718566	424.402
0.719772	424.483
0.720977	424.565
0.722183	424.648
0.723389	424.732
0.724594	424.818
0.7258	424.905
0.727006	424.993
0.728211	425.082
0.729417	425.172
0.730623	425.264
0.731828	425.356
0.733034	425.45
0.73424	425.546
0.735445	425.642
0.736651	425.74
0.737857	425.839
0.739062	425.939
0.740268	426.041
0.741473	426.143
0.742679	426.247
0.743885	426.353
0.74509	426.459
0.746296	426.567
0.747502	426.676
0.748707	426.786
0.749913	426.897
0.751119	427.009
0.752324	427.123
0.75353	427.237
0.754736	427.353
0.755941	427.47
0.757147	427.588
0.758353	427.708
0.759558	427.828
0.760764	427.949
0.761969	428.071
0.763175	428.195
0.764381	428.319
0.765586	428.444
0.766792	428.57
0.767998	428.698
0.769203	428.826
0.770409	428.954
0.771615	429.084
0.77282	429.215
0.774026	429.346
0.775232	429.478
0.776437	429.611
0.777643	429.744
0.778849	429.879
0.780054	430.013
0.78126	430.149
0.782465	430.285
0.783671	430.421
0.784877	430.558
0.786082	430.696
0.787288	430.834
0.788494	430.972
0.789699	431.111
0.790905	431.25
0.792111	431.39
0.793316	431.53
0.794522	431.67
0.795728	431.81
0.796933	431.95
0.798139	432.091
0.799345	432.231
0.80055	432.372
0.801756	432.513
0.802961	432.653
0.804167	432.794
0.805373	432.935
0.806578	433.076
0.807784	433.216
0.80899	433.356
0.810195	433.496
0.811401	433.636
0.812607	433.776
0.813812	433.916
0.815018	434.055
0.816224	434.193
0.817429	434.332
0.818635	434.47
0.819841	434.607
0.821046	434.744
0.822252	434.881
0.823458	435.017
0.824663	435.153
0.825869	435.288
0.827074	435.423
0.82828	435.556
0.829486	435.69
0.830691	435.822
0.831897	435.954
0.833103	436.086
0.834308	436.216
0.835514	436.346
0.83672	436.475
0.837925	436.604
0.839131	436.731
0.840337	436.858
0.841542	436.984
0.842748	437.11
0.843954	437.234
0.845159	437.358
0.846365	437.481
0.84757	437.603
0.848776	437.724
0.849982	437.844
0.851187	437.964
0.852393	438.082
0.853599	438.2
0.854804	438.317
0.85601	438.433
0.857216	438.548
0.858421	438.663
0.859627	438.776
0.860833	438.889
0.862038	439
0.863244	439.111
0.86445	439.221
0.865655	439.331
0.866861	439.439
0.868066	439.547
0.869272	439.654
0.870478	439.76
0.871683	439.865
0.872889	439.97
0.874095	440.074
0.8753	440.177
0.876506	440.279
0.877712	440.381
0.878917	440.482
0.880123	440.583
0.881329	440.683
0.882534	440.782
0.88374	440.88
0.884946	440.978
0.886151	441.076
0.887357	441.173
0.888562	441.27
0.889768	441.366
0.890974	441.461
0.892179	441.556
0.893385	441.651
0.894591	441.746
0.895796	441.84
0.897002	441.934
0.898208	442.027
0.899413	442.12
0.900619	442.213
0.901825	442.306
0.90303	442.399
0.904236	442.492
0.905442	442.584
0.906647	442.676
0.907853	442.769
0.909059	442.861
0.910264	442.953
0.91147	443.046
0.912675	443.138
0.913881	443.231
0.915087	443.323
0.916292	443.416
0.917498	443.509
0.918704	443.602
0.919909	443.696
0.921115	443.789
0.922321	443.884
0.923526	443.978
0.924732	444.073
0.925938	444.168
0.927143	444.263
0.928349	444.359
0.929555	444.456
0.93076	444.553
0.931966	444.65
0.933171	444.748
0.934377	444.847
0.935583	444.946
0.936788	445.046
0.937994	445.146
0.9392	445.247
0.940405	445.349
0.941611	445.451
0.942817	445.554
0.944022	445.658
0.945228	445.763
0.946434	445.868
0.947639	445.974
0.948845	446.081
0.950051	446.189
0.951256	446.297
0.952462	446.407
0.953667	446.517
0.954873	446.628
0.956079	446.74
0.957284	446.853
0.95849	446.967
0.959696	447.081
0.960901	447.197
0.962107	447.313
0.963313	447.431
0.964518	447.549
0.965724	447.668
0.96693	447.788
0.968135	447.909
0.969341	448.031
0.970547	448.154
0.971752	448.278
0.972958	448.403
0.974163	448.528
0.975369	448.655
0.976575	448.782
0.97778	448.911
0.978986	449.04
0.980192	449.17
0.981397	449.301
0.982603	449.433
0.983809	449.565
0.985014	449.699
0.98622	449.833
0.987426	449.968
0.988631	450.104
0.989837	450.241
0.991043	450.378
0.992248	450.516
0.993454	450.655
0.99466	450.795
0.995865	450.936
0.997071	451.077
0.998276	451.218
0.999482	451.361
1.00069	451.504
1.00189	451.648
1.0031	451.792
1.0043	451.937
1.00551	452.082
1.00672	452.228
1.00792	452.374
1.00913	452.521
1.01033	452.669
1.01154	452.817
1.01274	452.965
1.01395	453.113
1.01516	453.262
1.01636	453.412
1.01757	453.561
1.01877	453.711
1.01998	453.862
1.02118	454.012
1.02239	454.163
1.0236	454.314
1.0248	454.465
1.02601	454.616
1.02721	454.768
1.02842	454.919
1.02962	455.071
1.03083	455.222
1.03203	455.374
1.03324	455.526
1.03445	455.678
1.03565	455.829
1.03686	455.981
1.03806	456.133
1.03927	456.284
1.04047	456.436
1.04168	456.587
1.04289	456.739
1.04409	456.89
1.0453	457.041
1.0465	457.191
1.04771	457.342
1.04891	457.492
1.05012	457.642
1.05132	457.792
1.05253	457.942
1.05374	458.091
1.05494	458.24
1.05615	458.389
1.05735	458.537
1.05856	458.686
1.05976	458.833
1.06097	458.981
1.06218	459.128
1.06338	459.275
1.06459	459.422
1.06579	459.568
1.067	459.714
1.0682	459.859
1.06941	460.004
1.07062	460.149
1.07182	460.293
1.07303	460.437
1.07423	460.581
1.07544	460.724
1.07664	460.867
1.07785	461.01
1.07905	461.152
1.08026	461.294
1.08147	461.436
1.08267	461.578
1.08388	461.719
1.08508	461.859
1.08629	462
1.08749	462.14
1.0887	462.28
1.08991	462.42
1.09111	462.559
1.09232	462.699
1.09352	462.838
1.09473	462.977
1.09593	463.115
1.09714	463.254
1.09835	463.392
1.09955	463.531
1.10076	463.669
1.10196	463.807
1.10317	463.945
1.10437	464.083
1.10558	464.221
1.10678	464.359
1.10799	464.498
1.1092	464.636
1.1104	464.774
1.11161	464.912
1.11281	465.051
1.11402	465.189
1.11522	465.328
1.11643	465.467
1.11764	465.606
1.11884	465.746
1.12005	465.886
1.12125	466.026
1.12246	466.166
1.12366	466.307
1.12487	466.448
1.12608	466.589
1.12728	466.731
1.12849	466.873
1.12969	467.016
1.1309	467.16
1.1321	467.303
1.13331	467.448
1.13451	467.593
1.13572	467.739
1.13693	467.885
1.13813	468.032
1.13934	468.179
1.14054	468.328
1.14175	468.477
1.14295	468.626
1.14416	468.777
1.14537	468.928
1.14657	469.08
1.14778	469.233
1.14898	469.387
1.15019	469.542
1.15139	469.697
1.1526	469.854
1.15381	470.011
1.15501	470.17
1.15622	470.329
1.15742	470.489
1.15863	470.651
1.15983	470.813
1.16104	470.976
1.16224	471.141
1.16345	471.306
1.16466	471.473
1.16586	471.64
1.16707	471.809
1.16827	471.979
1.16948	472.149
1.17068	472.321
1.17189	472.495
1.1731	472.669
1.1743	472.844
1.17551	473.021
1.17671	473.198
1.17792	473.377
1.17912	473.557
1.18033	473.738
1.18153	473.92
1.18274	474.104
1.18395	474.288
1.18515	474.474
1.18636	474.661
1.18756	474.849
1.18877	475.038
1.18997	475.228
1.19118	475.419
1.19239	475.612
1.19359	475.805
1.1948	476
1.196	476.196
1.19721	476.393
1.19841	476.591
1.19962	476.79
1.20083	476.99
1.20203	477.191
1.20324	477.393
1.20444	477.597
1.20565	477.801
1.20685	478.006
1.20806	478.212
1.20926	478.42
1.21047	478.628
1.21168	478.837
1.21288	479.047
1.21409	479.258
1.21529	479.47
1.2165	479.682
1.2177	479.896
1.21891	480.11
1.22012	480.325
1.22132	480.542
1.22253	480.758
1.22373	480.976
1.22494	481.194
1.22614	481.413
1.22735	481.633
1.22856	481.854
1.22976	482.075
1.23097	482.297
1.23217	482.519
1.23338	482.742
1.23458	482.966
1.23579	483.19
1.23699	483.415
1.2382	483.64
1.23941	483.866
1.24061	484.093
1.24182	484.32
1.24302	484.547
1.24423	484.775
1.24543	485.003
1.24664	485.232
1.24785	485.461
1.24905	485.691
1.25026	485.921
1.25146	486.151
1.25267	486.382
1.25387	486.613
1.25508	486.844
1.25629	487.076
1.25749	487.308
1.2587	487.541
1.2599	487.773
1.26111	488.006
1.26231	488.239
1.26352	488.473
1.26472	488.706
1.26593	488.94
1.26714	489.174
1.26834	489.409
1.26955	489.643
1.27075	489.878
1.27196	490.113
1.27316	490.349
1.27437	490.584
1.27558	490.82
1.27678	491.056
1.27799	491.292
1.27919	491.528
1.2804	491.765
1.2816	492.001
1.28281	492.238
1.28402	492.475
1.28522	492.713
1.28643	492.95
1.28763	493.188
1.28884	493.426
1.29004	493.665
1.29125	493.903
1.29245	494.142
1.29366	494.381
1.29487	494.62
1.29607	494.86
1.29728	495.1
1.29848	495.34
1.29969	495.58
1.30089	495.821
1.3021	496.062
1.30331	496.303
1.30451	496.545
1.30572	496.787
1.30692	497.03
1.30813	497.272
1.30933	497.516
1.31054	497.759
1.31174	498.003
1.31295	498.248
1.31416	498.493
1.31536	498.739
1.31657	498.984
1.31777	499.231
1.31898	499.478
1.32018	499.725
1.32139	499.974
1.3226	500.222
1.3238	500.471
1.32501	500.721
1.32621	500.972
1.32742	501.223
1.32862	501.475
1.32983	501.727
1.33104	501.98
1.33224	502.234
1.33345	502.488
1.33465	502.743
1.33586	502.999
1.33706	503.256
1.33827	503.514
1.33947	503.772
1.34068	504.031
1.34189	504.291
1.34309	504.552
1.3443	504.813
1.3455	505.076
1.34671	505.339
1.34791	505.603
1.34912	505.868
1.35033	506.134
1.35153	506.401
1.35274	506.669
1.35394	506.938
1.35515	507.207
1.35635	507.478
1.35756	507.75
1.35877	508.022
1.35997	508.296
1.36118	508.571
1.36238	508.846
1.36359	509.123
1.36479	509.4
1.366	509.679
1.3672	509.959
1.36841	510.239
1.36962	510.521
1.37082	510.804
1.37203	511.087
1.37323	511.372
1.37444	511.658
1.37564	511.945
1.37685	512.233
1.37806	512.522
1.37926	512.812
1.38047	513.103
1.38167	513.395
1.38288	513.688
1.38408	513.982
1.38529	514.277
1.3865	514.573
1.3877	514.87
1.38891	515.168
1.39011	515.468
1.39132	515.768
1.39252	516.069
1.39373	516.371
1.39493	516.674
1.39614	516.978
1.39735	517.283
1.39855	517.589
1.39976	517.896
1.40096	518.204
1.40217	518.513
1.40337	518.823
1.40458	519.133
1.40579	519.445
1.40699	519.757
1.4082	520.071
1.4094	520.385
1.41061	520.7
1.41181	521.016
1.41302	521.332
1.41422	521.65
1.41543	521.968
1.41664	522.287
1.41784	522.607
1.41905	522.928
1.42025	523.249
1.42146	523.572
1.42266	523.895
1.42387	524.218
1.42508	524.543
1.42628	524.868
1.42749	525.194
1.42869	525.52
1.4299	525.847
1.4311	526.175
1.43231	526.504
1.43352	526.833
1.43472	527.163
1.43593	527.494
1.43713	527.825
1.43834	528.156
1.43954	528.489
1.44075	528.822
1.44195	529.155
1.44316	529.489
1.44437	529.824
1.44557	530.159
1.44678	530.495
1.44798	530.831
1.44919	531.168
1.45039	531.506
1.4516	531.844
1.45281	532.183
1.45401	532.522
1.45522	532.861
1.45642	533.201
1.45763	533.542
1.45883	533.883
1.46004	534.225
1.46125	534.567
1.46245	534.91
1.46366	535.253
1.46486	535.597
1.46607	535.942
1.46727	536.287
1.46848	536.632
1.46968	536.978
1.47089	537.324
1.4721	537.671
1.4733	538.019
1.47451	538.367
1.47571	538.716
1.47692	539.065
1.47812	539.414
1.47933	539.765
1.48054	540.115
1.48174	540.467
1.48295	540.819
1.48415	541.171
1.48536	541.524
1.48656	541.878
1.48777	542.232
1.48898	542.587
1.49018	542.943
1.49139	543.299
1.49259	543.655
1.4938	544.013
1.495	544.371
1.49621	544.729
1.49741	545.089
1.49862	545.448
1.49983	545.809
1.50103	546.17
1.50224	546.532
1.50344	546.895
1.50465	547.258
1.50585	547.622
1.50706	547.987
1.50827	548.353
1.50947	548.719
1.51068	549.086
1.51188	549.453
1.51309	549.822
1.51429	550.191
1.5155	550.561
1.51671	550.932
1.51791	551.303
1.51912	551.676
1.52032	552.049
1.52153	552.423
1.52273	552.798
1.52394	553.173
1.52514	553.549
1.52635	553.927
1.52756	554.305
1.52876	554.683
1.52997	555.063
1.53117	555.444
1.53238	555.825
1.53358	556.207
1.53479	556.59
1.536	556.974
1.5372	557.359
1.53841	557.744
1.53961	558.131
1.54082	558.518
1.54202	558.906
1.54323	559.295
1.54443	559.685
1.54564	560.075
1.54685	560.467
1.54805	560.859
1.54926	561.252
1.55046	561.646
1.55167	562.041
1.55287	562.437
1.55408	562.833
1.55529	563.23
1.55649	563.628
1.5577	564.027
1.5589	564.427
1.56011	564.827
1.56131	565.229
1.56252	565.631
1.56373	566.034
1.56493	566.437
1.56614	566.842
1.56734	567.247
1.56855	567.653
1.56975	568.059
1.57096	568.467
1.57216	568.875
1.57337	569.283
1.57458	569.693
1.57578	570.103
1.57699	570.514
1.57819	570.925
1.5794	571.338
1.5806	571.75
1.58181	572.164
1.58302	572.578
1.58422	572.993
1.58543	573.408
1.58663	573.824
1.58784	574.24
1.58904	574.657
1.59025	575.075
1.59146	575.493
1.59266	575.912
1.59387	576.331
1.59507	576.75
1.59628	577.17
1.59748	577.591
1.59869	578.012
1.59989	578.434
1.6011	578.856
1.60231	579.278
1.60351	579.701
1.60472	580.124
1.60592	580.548
1.60713	580.972
1.60833	581.397
1.60954	581.821
1.61075	582.246
1.61195	582.672
1.61316	583.098
1.61436	583.524
1.61557	583.95
1.61677	584.377
1.61798	584.804
1.61919	585.231
1.62039	585.659
1.6216	586.087
1.6228	586.515
1.62401	586.943
1.62521	587.371
1.62642	587.8
1.62762	588.229
1.62883	588.658
1.63004	589.087
1.63124	589.516
1.63245	589.946
1.63365	590.376
1.63486	590.806
1.63606	591.235
1.63727	591.665
1.63848	592.096
1.63968	592.526
1.64089	592.956
1.64209	593.387
1.6433	593.817
1.6445	594.248
1.64571	594.678
1.64692	595.109
1.64812	595.539
1.64933	595.97
1.65053	596.4
1.65174	596.831
1.65294	597.262
1.65415	597.692
1.65535	598.123
1.65656	598.553
1.65777	598.984
1.65897	599.414
1.66018	599.844
1.66138	600.274
1.66259	600.704
1.66379	601.134
1.665	601.564
1.66621	601.994
1.66741	602.423
1.66862	602.853
1.66982	603.282
1.67103	603.711
1.67223	604.139
1.67344	604.568
1.67464	604.996
1.67585	605.424
1.67706	605.852
1.67826	606.279
1.67947	606.706
1.68067	607.133
1.68188	607.56
1.68308	607.986
1.68429	608.411
1.6855	608.837
1.6867	609.262
1.68791	609.686
1.68911	610.11
1.69032	610.534
1.69152	610.957
1.69273	611.38
1.69394	611.802
1.69514	612.223
1.69635	612.644
1.69755	613.065
1.69876	613.484
1.69996	613.904
1.70117	614.322
1.70237	614.74
1.70358	615.157
1.70479	615.573
1.70599	615.989
1.7072	616.403
1.7084	616.817
1.70961	617.23
1.71081	617.643
1.71202	618.054
1.71323	618.464
1.71443	618.874
1.71564	619.282
1.71684	619.689
1.71805	620.096
1.71925	620.501
1.72046	620.905
1.72167	621.308
1.72287	621.71
1.72408	622.11
1.72528	622.51
1.72649	622.908
1.72769	623.304
1.7289	623.7
1.7301	624.093
1.73131	624.486
1.73252	624.877
1.73372	625.266
1.73493	625.654
1.73613	626.041
1.73734	626.425
1.73854	626.808
1.73975	627.19
1.74096	627.569
1.74216	627.947
1.74337	628.323
1.74457	628.697
1.74578	629.069
1.74698	629.439
1.74819	629.807
1.7494	630.173
1.7506	630.537
1.75181	630.899
1.75301	631.259
1.75422	631.616
1.75542	631.971
1.75663	632.324
1.75783	632.674
1.75904	633.022
1.76025	633.368
1.76145	633.711
1.76266	634.051
1.76386	634.389
1.76507	634.724
1.76627	635.056
1.76748	635.386
1.76869	635.712
1.76989	636.036
1.7711	636.357
1.7723	636.675
1.77351	636.99
1.77471	637.301
1.77592	637.61
1.77712	637.915
1.77833	638.217
1.77954	638.516
1.78074	638.811
1.78195	639.103
1.78315	639.391
1.78436	639.676
1.78556	639.957
1.78677	640.235
1.78798	640.509
1.78918	640.778
1.79039	641.044
1.79159	641.307
1.7928	641.565
1.794	641.819
1.79521	642.069
1.79642	642.314
1.79762	642.556
1.79883	642.793
1.80003	643.026
1.80124	643.254
1.80244	643.478
1.80365	643.697
1.80485	643.912
1.80606	644.121
1.80727	644.327
1.80847	644.527
1.80968	644.722
1.81088	644.912
1.81209	645.097
1.81329	645.277
1.8145	645.452
1.81571	645.622
1.81691	645.786
1.81812	645.944
1.81932	646.097
1.82053	646.245
1.82173	646.387
1.82294	646.523
1.82415	646.653
1.82535	646.778
1.82656	646.896
1.82776	647.009
1.82897	647.115
1.83017	647.215
1.83138	647.309
1.83258	647.396
1.83379	647.477
1.835	647.551
1.8362	647.619
1.83741	647.68
1.83861	647.735
1.83982	647.782
1.84102	647.823
1.84223	647.856
1.84344	647.883
1.84464	647.902
1.84585	647.914
1.84705	647.918
1.84826	647.916
1.84946	647.905
1.85067	647.887
1.85188	647.862
1.85308	647.829
1.85429	647.787
1.85549	647.738
1.8567	647.681
1.8579	647.616
1.85911	647.543
1.86031	647.461
1.86152	647.371
1.86273	647.272
1.86393	647.166
1.86514	647.05
1.86634	646.926
1.86755	646.793
1.86875	646.651
1.86996	646.5
1.87117	646.34
1.87237	646.172
1.87358	645.994
1.87478	645.806
1.87599	645.61
1.87719	645.404
1.8784	645.188
1.87961	644.963
1.88081	644.728
1.88202	644.484
1.88322	644.23
1.88443	643.966
1.88563	643.692
1.88684	643.408
1.88804	643.113
1.88925	642.809
1.89046	642.494
1.89166	642.169
1.89287	641.834
1.89407	641.488
1.89528	641.132
1.89648	640.765
1.89769	640.388
1.8989	639.999
1.9001	639.6
1.90131	639.19
1.90251	638.769
1.90372	638.338
1.90492	637.895
1.90613	637.441
1.90733	636.975
1.90854	636.499
1.90975	636.011
1.91095	635.512
1.91216	635.002
1.91336	634.48
1.91457	633.947
1.91577	633.402
1.91698	632.846
1.91819	632.278
1.91939	631.699
1.9206	631.107
1.9218	630.504
1.92301	629.89
1.92421	629.263
1.92542	628.625
1.92663	627.974
1.92783	627.312
1.92904	626.638
1.93024	625.952
1.93145	625.254
1.93265	624.544
1.93386	623.822
1.93506	623.088
1.93627	622.342
1.93748	621.584
1.93868	620.814
1.93989	620.032
1.94109	619.238
1.9423	618.431
1.9435	617.613
1.94471	616.782
1.94592	615.94
1.94712	615.085
1.94833	614.218
1.94953	613.339
1.95074	612.449
1.95194	611.546
1.95315	610.631
1.95436	609.704
1.95556	608.765
1.95677	607.814
1.95797	606.852
1.95918	605.877
1.96038	604.891
1.96159	603.893
1.96279	602.883
1.964	601.861
1.96521	600.828
1.96641	599.783
1.96762	598.726
1.96882	597.658
1.97003	596.578
1.97123	595.487
1.97244	594.385
1.97365	593.271
1.97485	592.146
1.97606	591.01
1.97726	589.863
1.97847	588.704
1.97967	587.535
1.98088	586.355
1.98209	585.164
1.98329	583.962
1.9845	582.75
1.9857	581.527
1.98691	580.293
1.98811	579.049
1.98932	577.795
1.99052	576.531
1.99173	575.256
1.99294	573.972
1.99414	572.677
1.99535	571.373
1.99655	570.059
1.99776	568.736
1.99896	567.403
2.00017	566.06
2.00138	564.709
2.00258	563.348
2.00379	561.978
2.00499	560.599
2.0062	559.212
2.0074	557.816
2.00861	556.411
2.00982	554.998
2.01102	553.576
2.01223	552.147
2.01343	550.709
2.01464	549.263
2.01584	547.81
2.01705	546.349
2.01825	544.881
2.01946	543.405
2.02067	541.922
2.02187	540.432
2.02308	538.935
2.02428	537.431
2.02549	535.92
2.02669	534.403
2.0279	532.88
2.02911	531.35
2.03031	529.814
2.03152	528.273
2.03272	526.725
2.03393	525.172
2.03513	523.613
2.03634	522.049
2.03754	520.48
2.03875	518.906
2.03996	517.327
2.04116	515.743
2.04237	514.154
2.04357	512.561
2.04478	510.964
2.04598	509.362
2.04719	507.757
2.0484	506.148
2.0496	504.534
2.05081	502.918
2.05201	501.298
2.05322	499.675
2.05442	498.048
2.05563	496.419
2.05684	494.787
2.05804	493.152
2.05925	491.514
2.06045	489.874
2.06166	488.232
2.06286	486.588
2.06407	484.942
2.06527	483.294
2.06648	481.645
2.06769	479.994
2.06889	478.341
2.0701	476.688
2.0713	475.033
2.07251	473.377
2.07371	471.721
2.07492	470.063
2.07613	468.406
2.07733	466.747
2.07854	465.089
2.07974	463.43
2.08095	461.772
2.08215	460.113
2.08336	458.455
2.08457	456.797
2.08577	455.139
2.08698	453.482
2.08818	451.826
2.08939	450.17
2.09059	448.516
2.0918	446.863
2.093	445.211
2.09421	443.56
2.09542	441.91
2.09662	440.263
2.09783	438.616
2.09903	436.972
2.10024	435.329
2.10144	433.689
2.10265	432.05
2.10386	430.414
2.10506	428.78
2.10627	427.148
2.10747	425.519
2.10868	423.893
2.10988	422.269
2.11109	420.648
2.1123	419.029
2.1135	417.414
2.11471	415.802
2.11591	414.193
2.11712	412.587
2.11832	410.984
2.11953	409.385
2.12073	407.789
2.12194	406.197
2.12315	404.608
2.12435	403.023
2.12556	401.442
2.12676	399.865
2.12797	398.291
2.12917	396.722
2.13038	395.157
2.13159	393.595
2.13279	392.038
2.134	390.485
2.1352	388.937
2.13641	387.393
2.13761	385.853
2.13882	384.318
2.14003	382.787
2.14123	381.261
2.14244	379.739
2.14364	378.223
2.14485	376.71
2.14605	375.203
2.14726	373.701
2.14846	372.203
2.14967	370.711
2.15088	369.223
2.15208	367.741
2.15329	366.263
2.15449	364.791
2.1557	363.323
2.1569	361.861
2.15811	360.404
2.15932	358.953
2.16052	357.506
2.16173	356.065
2.16293	354.63
2.16414	353.199
2.16534	351.774
2.16655	350.355
2.16775	348.941
2.16896	347.532
2.17017	346.129
2.17137	344.731
2.17258	343.339
2.17378	341.952
2.17499	340.572
2.17619	339.196
2.1774	337.826
2.17861	336.462
2.17981	335.104
2.18102	333.751
2.18222	332.404
2.18343	331.062
2.18463	329.726
2.18584	328.396
2.18705	327.072
2.18825	325.753
2.18946	324.44
2.19066	323.133
2.19187	321.831
2.19307	320.535
2.19428	319.245
2.19548	317.961
2.19669	316.682
2.1979	315.409
2.1991	314.142
2.20031	312.881
2.20151	311.625
2.20272	310.375
2.20392	309.131
2.20513	307.893
2.20634	306.66
2.20754	305.433
2.20875	304.212
2.20995	302.997
2.21116	301.787
2.21236	300.583
2.21357	299.385
2.21478	298.192
2.21598	297.005
2.21719	295.824
2.21839	294.648
2.2196	293.478
2.2208	292.314
2.22201	291.155
2.22321	290.002
2.22442	288.855
2.22563	287.713
2.22683	286.577
2.22804	285.446
2.22924	284.321
2.23045	283.202
2.23165	282.088
2.23286	280.979
2.23407	279.877
2.23527	278.779
2.23648	277.687
2.23768	276.601
2.23889	275.52
2.24009	274.444
2.2413	273.374
2.24251	272.309
2.24371	271.25
2.24492	270.196
2.24612	269.147
2.24733	268.103
2.24853	267.065
2.24974	266.033
2.25094	265.005
2.25215	263.983
2.25336	262.966
2.25456	261.954
2.25577	260.947
2.25697	259.946
2.25818	258.949
2.25938	257.958
2.26059	256.972
2.2618	255.991
2.263	255.015
2.26421	254.044
2.26541	253.079
2.26662	252.118
2.26782	251.162
2.26903	250.211
2.27023	249.265
2.27144	248.324
2.27265	247.388
2.27385	246.457
2.27506	245.53
2.27626	244.609
2.27747	243.692
2.27867	242.78
2.27988	241.873
2.28109	240.971
2.28229	240.073
2.2835	239.18
2.2847	238.292
2.28591	237.408
2.28711	236.529
2.28832	235.655
2.28953	234.785
2.29073	233.92
2.29194	233.059
2.29314	232.203
2.29435	231.352
2.29555	230.505
2.29676	229.662
2.29796	228.824
2.29917	227.99
2.30038	227.161
2.30158	226.336
2.30279	225.515
2.30399	224.699
2.3052	223.887
2.3064	223.079
2.30761	222.276
2.30882	221.476
2.31002	220.681
2.31123	219.891
2.31243	219.104
2.31364	218.321
2.31484	217.543
2.31605	216.769
2.31726	215.999
2.31846	215.233
2.31967	214.471
2.32087	213.713
2.32208	212.959
2.32328	212.209
2.32449	211.463
2.32569	210.72
2.3269	209.982
2.32811	209.248
2.32931	208.517
2.33052	207.791
2.33172	207.068
2.33293	206.349
2.33413	205.634
2.33534	204.923
2.33655	204.215
2.33775	203.511
2.33896	202.811
2.34016	202.114
2.34137	201.422
2.34257	200.732
2.34378	200.047
2.34499	199.365
2.34619	198.687
2.3474	198.012
2.3486	197.341
2.34981	196.673
2.35101	196.009
2.35222	195.348
2.35342	194.691
2.35463	194.037
2.35584	193.386
2.35704	192.739
2.35825	192.096
2.35945	191.456
2.36066	190.819
2.36186	190.185
2.36307	189.555
2.36428	188.928
2.36548	188.304
2.36669	187.684
2.36789	187.067
2.3691	186.453
2.3703	185.842
2.37151	185.234
2.37272	184.63
2.37392	184.029
2.37513	183.43
2.37633	182.835
2.37754	182.243
2.37874	181.655
2.37995	181.069
2.38115	180.486
2.38236	179.906
2.38357	179.329
2.38477	178.756
2.38598	178.185
2.38718	177.617
2.38839	177.052
2.38959	176.49
2.3908	175.931
2.39201	175.374
2.39321	174.821
2.39442	174.27
2.39562	173.723
2.39683	173.178
2.39803	172.635
2.39924	172.096
2.40044	171.56
2.40165	171.026
2.40286	170.494
2.40406	169.966
2.40527	169.44
2.40647	168.917
2.40768	168.397
2.40888	167.879
2.41009	167.364
2.4113	166.851
2.4125	166.342
2.41371	165.834
2.41491	165.329
2.41612	164.827
2.41732	164.328
2.41853	163.83
2.41974	163.336
2.42094	162.844
2.42215	162.354
2.42335	161.867
2.42456	161.382
2.42576	160.899
2.42697	160.42
2.42817	159.942
2.42938	159.467
2.43059	158.994
2.43179	158.524
2.433	158.056
2.4342	157.59
2.43541	157.126
2.43661	156.665
2.43782	156.207
2.43903	155.75
2.44023	155.296
2.44144	154.844
2.44264	154.394
2.44385	153.946
2.44505	153.501
2.44626	153.058
2.44747	152.617
2.44867	152.178
2.44988	151.741
2.45108	151.307
2.45229	150.874
2.45349	150.444
2.4547	150.016
2.4559	149.589
2.45711	149.165
2.45832	148.743
2.45952	148.324
2.46073	147.906
2.46193	147.49
2.46314	147.076
2.46434	146.664
2.46555	146.254
2.46676	145.846
2.46796	145.441
2.46917	145.037
2.47037	144.635
2.47158	144.235
2.47278	143.836
2.47399	143.44
2.4752	143.046
2.4764	142.654
2.47761	142.263
2.47881	141.874
2.48002	141.488
2.48122	141.103
2.48243	140.719
2.48363	140.338
2.48484	139.959
2.48605	139.581
2.48725	139.205
2.48846	138.831
2.48966	138.459
2.49087	138.088
2.49207	137.719
2.49328	137.352
2.49449	136.987
2.49569	136.623
2.4969	136.261
2.4981	135.901
2.49931	135.542
2.50051	135.186
2.50172	134.83
2.50293	134.477
2.50413	134.125
2.50534	133.775
2.50654	133.426
2.50775	133.079
2.50895	132.734
2.51016	132.39
2.51136	132.048
2.51257	131.708
2.51378	131.369
2.51498	131.031
2.51619	130.695
2.51739	130.361
2.5186	130.028
2.5198	129.697
2.52101	129.368
2.52222	129.039
2.52342	128.713
2.52463	128.388
2.52583	128.064
2.52704	127.742
2.52824	127.421
2.52945	127.102
2.53065	126.784
2.53186	126.468
2.53307	126.153
2.53427	125.84
2.53548	125.528
2.53668	125.217
2.53789	124.908
2.53909	124.6
2.5403	124.294
2.54151	123.989
2.54271	123.686
2.54392	123.383
2.54512	123.083
2.54633	122.783
2.54753	122.485
2.54874	122.188
2.54995	121.893
2.55115	121.599
2.55236	121.306
2.55356	121.014
2.55477	120.724
2.55597	120.435
2.55718	120.148
2.55838	119.862
2.55959	119.577
2.5608	119.293
2.562	119.01
2.56321	118.729
2.56441	118.449
2.56562	118.17
2.56682	117.893
2.56803	117.617
2.56924	117.342
2.57044	117.068
2.57165	116.795
2.57285	116.524
2.57406	116.254
2.57526	115.985
2.57647	115.717
2.57768	115.45
2.57888	115.185
2.58009	114.92
2.58129	114.657
2.5825	114.395
2.5837	114.134
2.58491	113.874
2.58611	113.616
2.58732	113.358
2.58853	113.102
2.58973	112.846
2.59094	112.592
2.59214	112.339
2.59335	112.087
2.59455	111.836
2.59576	111.586
2.59697	111.338
2.59817	111.09
2.59938	110.843
2.60058	110.598
2.60179	110.353
2.60299	110.11
2.6042	109.867
2.60541	109.626
2.60661	109.386
2.60782	109.146
2.60902	108.908
2.61023	108.671
2.61143	108.434
2.61264	108.199
2.61384	107.965
2.61505	107.731
2.61626	107.499
2.61746	107.267
2.61867	107.037
2.61987	106.808
2.62108	106.579
2.62228	106.352
2.62349	106.125
2.6247	105.899
2.6259	105.675
2.62711	105.451
2.62831	105.228
2.62952	105.006
2.63072	104.785
2.63193	104.565
2.63313	104.346
2.63434	104.128
2.63555	103.91
2.63675	103.694
2.63796	103.478
2.63916	103.263
2.64037	103.05
2.64157	102.837
2.64278	102.625
2.64399	102.413
2.64519	102.203
2.6464	101.994
2.6476	101.785
2.64881	101.577
2.65001	101.37
2.65122	101.164
2.65243	100.959
2.65363	100.754
2.65484	100.551
2.65604	100.348
2.65725	100.146
2.65845	99.9446
2.65966	99.7442
2.66086	99.5446
2.66207	99.3458
2.66328	99.1478
2.66448	98.9506
2.66569	98.7542
2.66689	98.5585
2.6681	98.3637
2.6693	98.1696
2.67051	97.9762
2.67172	97.7837
2.67292	97.5919
2.67413	97.4008
2.67533	97.2105
2.67654	97.0209
2.67774	96.8321
2.67895	96.644
2.68016	96.4567
2.68136	96.2701
2.68257	96.0842
2.68377	95.899
2.68498	95.7145
2.68618	95.5308
2.68739	95.3478
2.68859	95.1654
2.6898	94.9838
2.69101	94.8029
2.69221	94.6227
2.69342	94.4431
2.69462	94.2643
2.69583	94.0861
2.69703	93.9086
2.69824	93.7318
2.69945	93.5556
2.70065	93.3802
2.70186	93.2053
2.70306	93.0312
2.70427	92.8577
2.70547	92.6848
2.70668	92.5126
2.70789	92.341
2.70909	92.1701
2.7103	91.9998
2.7115	91.8302
2.71271	91.6612
2.71391	91.4928
2.71512	91.325
2.71632	91.1578
2.71753	90.9913
2.71874	90.8253
2.71994	90.66
2.72115	90.4953
2.72235	90.3312
2.72356	90.1676
2.72476	90.0047
2.72597	89.8423
2.72718	89.6806
2.72838	89.5194
2.72959	89.3588
2.73079	89.1987
2.732	89.0393
2.7332	88.8804
2.73441	88.722
2.73562	88.5642
2.73682	88.407
2.73803	88.2503
2.73923	88.0942
2.74044	87.9386
2.74164	87.7836
2.74285	87.6291
2.74405	87.4751
2.74526	87.3217
2.74647	87.1688
2.74767	87.0164
2.74888	86.8645
2.75008	86.7132
2.75129	86.5623
2.75249	86.412
2.7537	86.2622
2.75491	86.1129
2.75611	85.964
2.75732	85.8157
2.75852	85.6679
2.75973	85.5205
2.76093	85.3737
2.76214	85.2273
2.76334	85.0814
2.76455	84.9359
2.76576	84.791
2.76696	84.6465
2.76817	84.5025
2.76937	84.3589
2.77058	84.2158
2.77178	84.0731
2.77299	83.9309
2.7742	83.7892
2.7754	83.6478
2.77661	83.507
2.77781	83.3665
2.77902	83.2265
2.78022	83.0869
2.78143	82.9478
2.78264	82.809
2.78384	82.6707
2.78505	82.5328
2.78625	82.3953
2.78746	82.2583
2.78866	82.1216
2.78987	81.9853
2.79107	81.8495
2.79228	81.714
2.79349	81.5789
2.79469	81.4442
2.7959	81.3099
2.7971	81.176
2.79831	81.0424
2.79951	80.9092
2.80072	80.7764
2.80193	80.644
2.80313	80.5119
2.80434	80.3802
2.80554	80.2489
2.80675	80.1179
2.80795	79.9872
2.80916	79.8569
2.81037	79.727
2.81157	79.5974
2.81278	79.4681
2.81398	79.3392
2.81519	79.2106
2.81639	79.0823
2.8176	78.9543
2.8188	78.8267
2.82001	78.6994
2.82122	78.5724
2.82242	78.4457
2.82363	78.3193
2.82483	78.1932
2.82604	78.0674
2.82724	77.9419
2.82845	77.8167
2.82966	77.6918
2.83086	77.5672
2.83207	77.4429
2.83327	77.3188
2.83448	77.195
2.83568	77.0715
2.83689	76.9483
2.8381	76.8253
2.8393	76.7026
2.84051	76.5802
2.84171	76.458
2.84292	76.3361
2.84412	76.2144
2.84533	76.093
2.84653	75.9718
2.84774	75.8508
2.84895	75.7301
2.85015	75.6096
2.85136	75.4894
2.85256	75.3693
2.85377	75.2495
2.85497	75.1299
2.85618	75.0106
2.85739	74.8914
2.85859	74.7725
2.8598	74.6537
2.861	74.5352
2.86221	74.4169
2.86341	74.2987
2.86462	74.1808
2.86583	74.063
2.86703	73.9455
2.86824	73.8281
2.86944	73.7109
2.87065	73.5939
2.87185	73.477
2.87306	73.3603
2.87426	73.2438
2.87547	73.1275
2.87668	73.0113
2.87788	72.8953
2.87909	72.7794
2.88029	72.6637
2.8815	72.5481
2.8827	72.4327
2.88391	72.3174
2.88512	72.2023
2.88632	72.0873
2.88753	71.9724
2.88873	71.8577
2.88994	71.7431
2.89114	71.6286
2.89235	71.5142
2.89355	71.4
2.89476	71.2858
2.89597	71.1718
2.89717	71.0579
2.89838	70.9442
2.89958	70.8305
2.90079	70.7169
2.90199	70.6034
2.9032	70.49
2.90441	70.3767
2.90561	70.2635
2.90682	70.1504
2.90802	70.0374
2.90923	69.9245
2.91043	69.8116
2.91164	69.6989
2.91285	69.5862
2.91405	69.4736
2.91526	69.361
2.91646	69.2485
2.91767	69.1361
2.91887	69.0238
2.92008	68.9115
2.92128	68.7993
2.92249	68.6871
2.9237	68.575
2.9249	68.463
2.92611	68.351
2.92731	68.2391
2.92852	68.1272
2.92972	68.0153
2.93093	67.9035
2.93214	67.7918
2.93334	67.6801
2.93455	67.5684
2.93575	67.4568
2.93696	67.3452
2.93816	67.2336
2.93937	67.1221
2.94058	67.0106
2.94178	66.8991
2.94299	66.7877
2.94419	66.6763
2.9454	66.5649
2.9466	66.4536
2.94781	66.3422
2.94901	66.2309
2.95022	66.1197
2.95143	66.0084
2.95263	65.8972
2.95384	65.786
2.95504	65.6748
2.95625	65.5636
2.95745	65.4524
2.95866	65.3413
2.95987	65.2302
2.96107	65.1191
2.96228	65.008
2.96348	64.8969
2.96469	64.7858
2.96589	64.6748
2.9671	64.5637
2.96831	64.4527
2.96951	64.3417
2.97072	64.2307
2.97192	64.1197
2.97313	64.0088
2.97433	63.8978
2.97554	63.7869
2.97674	63.6759
2.97795	63.565
2.97916	63.4541
2.98036	63.3432
2.98157	63.2324
2.98277	63.1215
2.98398	63.0107
2.98518	62.8998
2.98639	62.789
2.9876	62.6782
2.9888	62.5675
2.99001	62.4567
2.99121	62.346
2.99242	62.2353
2.99362	62.1246
2.99483	62.0139
2.99604	61.9032
2.99724	61.7926
2.99845	61.682
2.99965	61.5715
3.00086	61.4609
3.00206	61.3504
3.00327	61.2399
3.00447	61.1295
3.00568	61.019
3.00689	60.9087
3.00809	60.7983
3.0093	60.688
3.0105	60.5777
3.01171	60.4675
3.01291	60.3573
3.01412	60.2472
