-3.01412
-2.99224
-2.98423
-2.94664
-2.93717
-2.86979
-2.85955
-2.76383
-2.75261
-2.63076
-2.61803
-2.47325
-2.45794
-2.29552
-2.27485
-2.11024
-2.07165
-2.00124
-2
-2
-2
-2
-2
-2
-2
-2
-2
-2
-2
-2
-2
-2
-2
-2
-2
-2
-2
-2
-2
-2
-2
-2
-2
-2
-2
-2
-2
-2
-2
-2
-2
-2
-2
-2
-2
-2
-2
-2
-2
-2
-2
-2
-2
-2
-2
-1.98887
-1.98423
-1.98423
-1.98423
-1.98423
-1.98423
-1.98423
-1.98423
-1.98423
-1.98423
-1.98423
-1.98423
-1.98423
-1.98423
-1.98423
-1.98423
-1.98423
-1.98423
-1.98423
-1.98423
-1.98423
-1.98423
-1.98423
-1.98423
-1.98423
-1.98423
-1.98423
-1.98423
-1.98423
-1.98423
-1.98423
-1.98423
-1.98423
-1.98423
-1.98423
-1.98423
-1.98423
-1.98423
-1.98423
-1.98423
-1.98423
-1.98423
-1.98423
-1.98423
-1.98423
-1.98423
-1.98423
-1.98423
-1.98423
-1.98423
-1.98423
-1.98423
-1.98423
-1.98423
-1.98423
-1.98423
-1.98423
-1.98423
-1.98423
-1.98423
-1.98423
-1.98423
-1.98423
-1.98423
-1.98423
-1.98423
-1.98423
-1.98423
-1.98423
-1.98423
-1.98423
-1.98423
-1.98423
-1.98423
-1.98423
-1.98423
-1.98423
-1.98423
-1.98423
-1.98423
-1.98423
-1.98423
-1.98423
-1.98423
-1.98423
-1.98423
-1.98423
-1.98423
-1.98423
-1.98423
-1.98423
-1.98423
-1.98423
-1.98423
-1.98423
-1.98423
-1.94811
-1.93717
-1.93717
-1.93717
-1.93717
-1.93717
-1.93717
-1.93717
-1.93717
-1.93717
-1.93717
-1.93717
-1.93717
-1.93717
-1.93717
-1.93717
-1.93717
-1.93717
-1.93717
-1.93717
-1.93717
-1.93717
-1.93717
-1.93717
-1.93717
-1.93717
-1.93717
-1.93717
-1.93717
-1.93717
-1.93717
-1.93717
-1.93717
-1.93717
-1.93717
-1.93717
-1.93717
-1.93717
-1.93717
-1.93717
-1.93717
-1.93717
-1.93717
-1.93717
-1.93717
-1.93717
-1.93717
-1.93717
-1.93717
-1.93717
-1.93717
-1.93717
-1.93717
-1.93717
-1.93717
-1.93717
-1.93717
-1.93717
-1.93717
-1.93717
-1.93717
-1.93717
-1.93717
-1.93717
-1.93717
-1.93717
-1.93717
-1.93717
-1.93717
-1.93717
-1.93717
-1.93717
-1.93717
-1.93717
-1.93717
-1.93717
-1.93717
-1.93717
-1.93717
-1.93717
-1.93717
-1.93717
-1.93717
-1.93717
-1.93717
-1.93717
-1.93717
-1.93717
-1.93717
-1.93717
-1.93717
-1.93717
-1.93717
-1.93717
-1.93717
-1.93717
-1.88431
-1.85955
-1.85955
-1.85955
-1.85955
-1.85955
-1.85955
-1.85955
-1.85955
-1.85955
-1.85955
-1.85955
-1.85955
-1.85955
-1.85955
-1.85955
-1.85955
-1.85955
-1.85955
-1.85955
-1.85955
-1.85955
-1.85955
-1.85955
-1.85955
-1.85955
-1.85955
-1.85955
-1.85955
-1.85955
-1.85955
-1.85955
-1.85955
-1.85955
-1.85955
-1.85955
-1.85955
-1.85955
-1.85955
-1.85955
-1.85955
-1.85955
-1.85955
-1.85955
-1.85955
-1.85955
-1.85955
-1.85955
-1.85955
-1.85955
-1.85955
-1.85955
-1.85955
-1.85955
-1.85955
-1.85955
-1.85955
-1.85955
-1.85955
-1.85955
-1.85955
-1.85955
-1.85955
-1.85955
-1.85955
-1.85955
-1.85955
-1.85955
-1.85955
-1.85955
-1.85955
-1.85955
-1.85955
-1.85955
-1.85955
-1.85955
-1.85955
-1.85955
-1.85955
-1.85955
-1.85955
-1.85955
-1.85955
-1.85955
-1.85955
-1.85955
-1.85955
-1.85955
-1.85955
-1.85955
-1.85955
-1.85955
-1.85955
-1.85955
-1.85955
-1.85955
-1.85156
-1.8341
-1.75958
-1.75261
-1.75261
-1.75261
-1.75261
-1.75261
-1.75261
-1.75261
-1.75261
-1.75261
-1.75261
-1.75261
-1.75261
-1.75261
-1.75261
-1.75261
-1.75261
-1.75261
-1.75261
-1.75261
-1.75261
-1.75261
-1.75261
-1.75261
-1.75261
-1.75261
-1.75261
-1.75261
-1.75261
-1.75261
-1.75261
-1.75261
-1.75261
-1.75261
-1.75261
-1.75261
-1.75261
-1.75261
-1.75261
-1.75261
-1.75261
-1.75261
-1.75261
-1.75261
-1.75261
-1.75261
-1.75261
-1.75261
-1.75261
-1.75261
-1.75261
-1.75261
-1.75261
-1.75261
-1.75261
-1.75261
-1.75261
-1.75261
-1.75261
-1.75261
-1.75261
-1.75261
-1.75261
-1.75261
-1.75261
-1.75261
-1.75261
-1.75261
-1.75261
-1.75261
-1.75261
-1.75261
-1.75261
-1.75261
-1.75261
-1.75261
-1.75261
-1.75261
-1.75261
-1.75261
-1.75261
-1.75261
-1.75261
-1.75261
-1.75261
-1.75261
-1.75261
-1.75261
-1.75261
-1.75261
-1.75261
-1.75261
-1.75261
-1.75261
-1.75261
-1.75261
-1.64901
-1.61803
-1.61803
-1.61803
-1.61803
-1.61803
-1.61803
-1.61803
-1.61803
-1.61803
-1.61803
-1.61803
-1.61803
-1.61803
-1.61803
-1.61803
-1.61803
-1.61803
-1.61803
-1.61803
-1.61803
-1.61803
-1.61803
-1.61803
-1.61803
-1.61803
-1.61803
-1.61803
-1.61803
-1.61803
-1.61803
-1.61803
-1.61803
-1.61803
-1.61803
-1.61803
-1.61803
-1.61803
-1.61803
-1.61803
-1.61803
-1.61803
-1.61803
-1.61803
-1.61803
-1.61803
-1.61803
-1.61803
-1.61803
-1.61803
-1.61803
-1.61803
-1.61803
-1.61803
-1.61803
-1.61803
-1.61803
-1.61803
-1.61803
-1.61803
-1.61803
-1.61803
-1.61803
-1.61803
-1.61803
-1.61803
-1.61803
-1.61803
-1.61803
-1.61803
-1.61803
-1.61803
-1.61803
-1.61803
-1.61803
-1.61803
-1.61803
-1.61803
-1.61803
-1.61803
-1.61803
-1.61803
-1.61803
-1.61803
-1.61803
-1.61803
-1.61803
-1.61803
-1.61803
-1.61803
-1.61803
-1.61803
-1.61803
-1.61803
-1.61803
-1.61803
-1.61803
-1.5963
-1.4744
-1.45794
-1.45794
-1.45794
-1.45794
-1.45794
-1.45794
-1.45794
-1.45794
-1.45794
-1.45794
-1.45794
-1.45794
-1.45794
-1.45794
-1.45794
-1.45794
-1.45794
-1.45794
-1.45794
-1.45794
-1.45794
-1.45794
-1.45794
-1.45794
-1.45794
-1.45794
-1.45794
-1.45794
-1.45794
-1.45794
-1.45794
-1.45794
-1.45794
-1.45794
-1.45794
-1.45794
-1.45794
-1.45794
-1.45794
-1.45794
-1.45794
-1.45794
-1.45794
-1.45794
-1.45794
-1.45794
-1.45794
-1.45794
-1.45794
-1.45794
-1.45794
-1.45794
-1.45794
-1.45794
-1.45794
-1.45794
-1.45794
-1.45794
-1.45794
-1.45794
-1.45794
-1.45794
-1.45794
-1.45794
-1.45794
-1.45794
-1.45794
-1.45794
-1.45794
-1.45794
-1.45794
-1.45794
-1.45794
-1.45794
-1.45794
-1.45794
-1.45794
-1.45794
-1.45794
-1.45794
-1.45794
-1.45794
-1.45794
-1.45794
-1.45794
-1.45794
-1.45794
-1.45794
-1.45794
-1.45794
-1.45794
-1.45794
-1.45794
-1.45794
-1.45794
-1.37476
-1.3737
-1.28763
-1.27485
-1.27485
-1.27485
-1.27485
-1.27485
-1.27485
-1.27485
-1.27485
-1.27485
-1.27485
-1.27485
-1.27485
-1.27485
-1.27485
-1.27485
-1.27485
-1.27485
-1.27485
-1.27485
-1.27485
-1.27485
-1.27485
-1.27485
-1.27485
-1.27485
-1.27485
-1.27485
-1.27485
-1.27485
-1.27485
-1.27485
-1.27485
-1.27485
-1.27485
-1.27485
-1.27485
-1.27485
-1.27485
-1.27485
-1.27485
-1.27485
-1.27485
-1.27485
-1.27485
-1.27485
-1.27485
-1.27485
-1.27485
-1.27485
-1.27485
-1.27485
-1.27485
-1.27485
-1.27485
-1.27485
-1.27485
-1.27485
-1.27485
-1.27485
-1.27485
-1.27485
-1.27485
-1.27485
-1.27485
-1.27485
-1.27485
-1.27485
-1.27485
-1.27485
-1.27485
-1.27485
-1.27485
-1.27485
-1.27485
-1.27485
-1.27485
-1.27485
-1.27485
-1.27485
-1.27485
-1.27485
-1.27485
-1.27485
-1.27485
-1.27485
-1.27485
-1.27485
-1.27485
-1.27485
-1.27485
-1.27485
-1.27485
-1.27485
-1.27485
-1.27485
-1.1368
-1.12558
-1.08638
-1.07165
-1.07165
-1.07165
-1.07165
-1.07165
-1.07165
-1.07165
-1.07165
-1.07165
-1.07165
-1.07165
-1.07165
-1.07165
-1.07165
-1.07165
-1.07165
-1.07165
-1.07165
-1.07165
-1.07165
-1.07165
-1.07165
-1.07165
-1.07165
-1.07165
-1.07165
-1.07165
-1.07165
-1.07165
-1.07165
-1.07165
-1.07165
-1.07165
-1.07165
-1.07165
-1.07165
-1.07165
-1.07165
-1.07165
-1.07165
-1.07165
-1.07165
-1.07165
-1.07165
-1.07165
-1.07165
-1.07165
-1.07165
-1.07165
-1.07165
-1.07165
-1.07165
-1.07165
-1.07165
-1.07165
-1.07165
-1.07165
-1.07165
-1.07165
-1.07165
-1.07165
-1.07165
-1.07165
-1.07165
-1.07165
-1.07165
-1.07165
-1.07165
-1.07165
-1.07165
-1.07165
-1.07165
-1.07165
-1.07165
-1.07165
-1.07165
-1.07165
-1.07165
-1.07165
-1.07165
-1.07165
-1.07165
-1.07165
-1.07165
-1.07165
-1.07165
-1.07165
-1.07165
-1.07165
-1.07165
-1.07165
-1.07165
-1.07165
-1.07165
-1.07165
-0.998169
-0.984229
-0.981432
-0.941082
-0.937166
-0.894525
-0.874419
-0.866452
-0.859553
-0.851559
-0.851559
-0.851559
-0.851559
-0.851559
-0.851559
-0.851559
-0.851559
-0.851559
-0.851559
-0.851559
-0.851559
-0.851559
-0.851559
-0.851559
-0.851559
-0.851559
-0.851559
-0.851559
-0.851559
-0.851559
-0.851559
-0.851559
-0.851559
-0.851559
-0.851559
-0.851559
-0.851559
-0.851559
-0.851559
-0.851559
-0.851559
-0.851559
-0.851559
-0.851559
-0.851559
-0.851559
-0.851559
-0.851559
-0.851559
-0.851559
-0.851559
-0.851559
-0.851559
-0.851559
-0.851559
-0.851559
-0.851559
-0.851559
-0.851559
-0.851559
-0.851559
-0.851559
-0.851559
-0.851559
-0.851559
-0.851559
-0.851559
-0.851559
-0.851559
-0.851559
-0.851559
-0.851559
-0.851559
-0.851559
-0.851559
-0.851559
-0.851559
-0.851559
-0.851559
-0.851559
-0.851559
-0.851559
-0.851559
-0.851559
-0.851559
-0.851559
-0.851559
-0.851559
-0.851559
-0.851559
-0.851559
-0.851559
-0.851559
-0.851559
-0.851559
-0.851559
-0.851559
-0.851559
-0.851559
-0.851559
-0.851559
-0.851559
-0.851559
-0.851559
-0.825691
-0.752613
-0.75052
-0.655901
-0.625237
-0.621608
-0.618034
-0.618034
-0.618034
-0.618034
-0.618034
-0.618034
-0.618034
-0.618034
-0.618034
-0.618034
-0.618034
-0.618034
-0.618034
-0.618034
-0.618034
-0.618034
-0.618034
-0.618034
-0.618034
-0.618034
-0.618034
-0.618034
-0.618034
-0.618034
-0.618034
-0.618034
-0.618034
-0.618034
-0.618034
-0.618034
-0.618034
-0.618034
-0.618034
-0.618034
-0.618034
-0.618034
-0.618034
-0.618034
-0.618034
-0.618034
-0.618034
-0.618034
-0.618034
-0.618034
-0.618034
-0.618034
-0.618034
-0.618034
-0.618034
-0.618034
-0.618034
-0.618034
-0.618034
-0.618034
-0.618034
-0.618034
-0.618034
-0.618034
-0.618034
-0.618034
-0.618034
-0.618034
-0.618034
-0.618034
-0.618034
-0.618034
-0.618034
-0.618034
-0.618034
-0.618034
-0.618034
-0.618034
-0.618034
-0.618034
-0.618034
-0.618034
-0.618034
-0.618034
-0.618034
-0.618034
-0.618034
-0.618034
-0.618034
-0.618034
-0.618034
-0.618034
-0.618034
-0.618034
-0.618034
-0.618034
-0.618034
-0.618034
-0.618034
-0.618034
-0.618034
-0.618034
-0.583967
-0.462988
-0.457937
-0.40246
-0.381966
-0.374763
-0.374763
-0.374763
-0.374763
-0.374763
-0.374763
-0.374763
-0.374763
-0.374763
-0.374763
-0.374763
-0.374763
-0.374763
-0.374763
-0.374763
-0.374763
-0.374763
-0.374763
-0.374763
-0.374763
-0.374763
-0.374763
-0.374763
-0.374763
-0.374763
-0.374763
-0.374763
-0.374763
-0.374763
-0.374763
-0.374763
-0.374763
-0.374763
-0.374763
-0.374763
-0.374763
-0.374763
-0.374763
-0.374763
-0.374763
-0.374763
-0.374763
-0.374763
-0.374763
-0.374763
-0.374763
-0.374763
-0.374763
-0.374763
-0.374763
-0.374763
-0.374763
-0.374763
-0.374763
-0.374763
-0.374763
-0.374763
-0.374763
-0.374763
-0.374763
-0.374763
-0.374763
-0.374763
-0.374763
-0.374763
-0.374763
-0.374763
-0.374763
-0.374763
-0.374763
-0.374763
-0.374763
-0.374763
-0.374763
-0.374763
-0.374763
-0.374763
-0.374763
-0.374763
-0.374763
-0.374763
-0.374763
-0.374763
-0.374763
-0.374763
-0.374763
-0.374763
-0.374763
-0.374763
-0.374763
-0.374763
-0.374763
-0.374763
-0.374763
-0.374763
-0.352936
-0.274848
-0.272051
-0.16653
-0.148441
-0.125581
-0.125581
-0.125581
-0.125581
-0.125581
-0.125581
-0.125581
-0.125581
-0.125581
-0.125581
-0.125581
-0.125581
-0.125581
-0.125581
-0.125581
-0.125581
-0.125581
-0.125581
-0.125581
-0.125581
-0.125581
-0.125581
-0.125581
-0.125581
-0.125581
-0.125581
-0.125581
-0.125581
-0.125581
-0.125581
-0.125581
-0.125581
-0.125581
-0.125581
-0.125581
-0.125581
-0.125581
-0.125581
-0.125581
-0.125581
-0.125581
-0.125581
-0.125581
-0.125581
-0.125581
-0.125581
-0.125581
-0.125581
-0.125581
-0.125581
-0.125581
-0.125581
-0.125581
-0.125581
-0.125581
-0.125581
-0.125581
-0.125581
-0.125581
-0.125581
-0.125581
-0.125581
-0.125581
-0.125581
-0.125581
-0.125581
-0.125581
-0.125581
-0.125581
-0.125581
-0.125581
-0.125581
-0.125581
-0.125581
-0.125581
-0.125581
-0.125581
-0.125581
-0.125581
-0.125581
-0.125581
-0.125581
-0.125581
-0.125581
-0.125581
-0.125581
-0.125581
-0.125581
-0.125581
-0.125581
-0.125581
-0.125581
-0.125581
-0.125581
-0.125581
-0.11687
-0.0716536
-0.0615393
0.0615393
0.0716536
0.11687
0.125581
0.125581
0.125581
0.125581
0.125581
0.125581
0.125581
0.125581
0.125581
0.125581
0.125581
0.125581
0.125581
0.125581
0.125581
0.125581
0.125581
0.125581
0.125581
0.125581
0.125581
0.125581
0.125581
0.125581
0.125581
0.125581
0.125581
0.125581
0.125581
0.125581
0.125581
0.125581
0.125581
0.125581
0.125581
0.125581
0.125581
0.125581
0.125581
0.125581
0.125581
0.125581
0.125581
0.125581
0.125581
0.125581
0.125581
0.125581
0.125581
0.125581
0.125581
0.125581
0.125581
0.125581
0.125581
0.125581
0.125581
0.125581
0.125581
0.125581
0.125581
0.125581
0.125581
0.125581
0.125581
0.125581
0.125581
0.125581
0.125581
0.125581
0.125581
0.125581
0.125581
0.125581
0.125581
0.125581
0.125581
0.125581
0.125581
0.125581
0.125581
0.125581
0.125581
0.125581
0.125581
0.125581
0.125581
0.125581
0.125581
0.125581
0.125581
0.125581
0.125581
0.125581
0.125581
0.148441
0.16653
0.272051
0.274848
0.352936
0.374763
0.374763
0.374763
0.374763
0.374763
0.374763
0.374763
0.374763
0.374763
0.374763
0.374763
0.374763
0.374763
0.374763
0.374763
0.374763
0.374763
0.374763
0.374763
0.374763
0.374763
0.374763
0.374763
0.374763
0.374763
0.374763
0.374763
0.374763
0.374763
0.374763
0.374763
0.374763
0.374763
0.374763
0.374763
0.374763
0.374763
0.374763
0.374763
0.374763
0.374763
0.374763
0.374763
0.374763
0.374763
0.374763
0.374763
0.374763
0.374763
0.374763
0.374763
0.374763
0.374763
0.374763
0.374763
0.374763
0.374763
0.374763
0.374763
0.374763
0.374763
0.374763
0.374763
0.374763
0.374763
0.374763
0.374763
0.374763
0.374763
0.374763
0.374763
0.374763
0.374763
0.374763
0.374763
0.374763
0.374763
0.374763
0.374763
0.374763
0.374763
0.374763
0.374763
0.374763
0.374763
0.374763
0.374763
0.374763
0.374763
0.374763
0.374763
0.374763
0.374763
0.374763
0.374763
0.381966
0.40246
0.457937
0.462988
0.583967
0.618034
0.618034
0.618034
0.618034
0.618034
0.618034
0.618034
0.618034
0.618034
0.618034
0.618034
0.618034
0.618034
0.618034
0.618034
0.618034
0.618034
0.618034
0.618034
0.618034
0.618034
0.618034
0.618034
0.618034
0.618034
0.618034
0.618034
0.618034
0.618034
0.618034
0.618034
0.618034
0.618034
0.618034
0.618034
0.618034
0.618034
0.618034
0.618034
0.618034
0.618034
0.618034
0.618034
0.618034
0.618034
0.618034
0.618034
0.618034
0.618034
0.618034
0.618034
0.618034
0.618034
0.618034
0.618034
0.618034
0.618034
0.618034
0.618034
0.618034
0.618034
0.618034
0.618034
0.618034
0.618034
0.618034
0.618034
0.618034
0.618034
0.618034
0.618034
0.618034
0.618034
0.618034
0.618034
0.618034
0.618034
0.618034
0.618034
0.618034
0.618034
0.618034
0.618034
0.618034
0.618034
0.618034
0.618034
0.618034
0.618034
0.618034
0.618034
0.618034
0.618034
0.618034
0.618034
0.618034
0.621608
0.625237
0.655901
0.75052
0.752613
0.825691
0.851559
0.851559
0.851559
0.851559
0.851559
0.851559
0.851559
0.851559
0.851559
0.851559
0.851559
0.851559
0.851559
0.851559
0.851559
0.851559
0.851559
0.851559
0.851559
0.851559
0.851559
0.851559
0.851559
0.851559
0.851559
0.851559
0.851559
0.851559
0.851559
0.851559
0.851559
0.851559
0.851559
0.851559
0.851559
0.851559
0.851559
0.851559
0.851559
0.851559
0.851559
0.851559
0.851559
0.851559
0.851559
0.851559
0.851559
0.851559
0.851559
0.851559
0.851559
0.851559
0.851559
0.851559
0.851559
0.851559
0.851559
0.851559
0.851559
0.851559
0.851559
0.851559
0.851559
0.851559
0.851559
0.851559
0.851559
0.851559
0.851559
0.851559
0.851559
0.851559
0.851559
0.851559
0.851559
0.851559
0.851559
0.851559
0.851559
0.851559
0.851559
0.851559
0.851559
0.851559
0.851559
0.851559
0.851559
0.851559
0.851559
0.851559
0.851559
0.851559
0.851559
0.851559
0.851559
0.859553
0.866452
0.874419
0.894525
0.937166
0.941082
0.981432
0.984229
0.998169
1.07165
1.07165
1.07165
1.07165
1.07165
1.07165
1.07165
1.07165
1.07165
1.07165
1.07165
1.07165
1.07165
1.07165
1.07165
1.07165
1.07165
1.07165
1.07165
1.07165
1.07165
1.07165
1.07165
1.07165
1.07165
1.07165
1.07165
1.07165
1.07165
1.07165
1.07165
1.07165
1.07165
1.07165
1.07165
1.07165
1.07165
1.07165
1.07165
1.07165
1.07165
1.07165
1.07165
1.07165
1.07165
1.07165
1.07165
1.07165
1.07165
1.07165
1.07165
1.07165
1.07165
1.07165
1.07165
1.07165
1.07165
1.07165
1.07165
1.07165
1.07165
1.07165
1.07165
1.07165
1.07165
1.07165
1.07165
1.07165
1.07165
1.07165
1.07165
1.07165
1.07165
1.07165
1.07165
1.07165
1.07165
1.07165
1.07165
1.07165
1.07165
1.07165
1.07165
1.07165
1.07165
1.07165
1.07165
1.07165
1.07165
1.07165
1.07165
1.07165
1.07165
1.07165
1.07165
1.08638
1.12558
1.1368
1.27485
1.27485
1.27485
1.27485
1.27485
1.27485
1.27485
1.27485
1.27485
1.27485
1.27485
1.27485
1.27485
1.27485
1.27485
1.27485
1.27485
1.27485
1.27485
1.27485
1.27485
1.27485
1.27485
1.27485
1.27485
1.27485
1.27485
1.27485
1.27485
1.27485
1.27485
1.27485
1.27485
1.27485
1.27485
1.27485
1.27485
1.27485
1.27485
1.27485
1.27485
1.27485
1.27485
1.27485
1.27485
1.27485
1.27485
1.27485
1.27485
1.27485
1.27485
1.27485
1.27485
1.27485
1.27485
1.27485
1.27485
1.27485
1.27485
1.27485
1.27485
1.27485
1.27485
1.27485
1.27485
1.27485
1.27485
1.27485
1.27485
1.27485
1.27485
1.27485
1.27485
1.27485
1.27485
1.27485
1.27485
1.27485
1.27485
1.27485
1.27485
1.27485
1.27485
1.27485
1.27485
1.27485
1.27485
1.27485
1.27485
1.27485
1.27485
1.27485
1.27485
1.27485
1.27485
1.28763
1.3737
1.37476
1.45794
1.45794
1.45794
1.45794
1.45794
1.45794
1.45794
1.45794
1.45794
1.45794
1.45794
1.45794
1.45794
1.45794
1.45794
1.45794
1.45794
1.45794
1.45794
1.45794
1.45794
1.45794
1.45794
1.45794
1.45794
1.45794
1.45794
1.45794
1.45794
1.45794
1.45794
1.45794
1.45794
1.45794
1.45794
1.45794
1.45794
1.45794
1.45794
1.45794
1.45794
1.45794
1.45794
1.45794
1.45794
1.45794
1.45794
1.45794
1.45794
1.45794
1.45794
1.45794
1.45794
1.45794
1.45794
1.45794
1.45794
1.45794
1.45794
1.45794
1.45794
1.45794
1.45794
1.45794
1.45794
1.45794
1.45794
1.45794
1.45794
1.45794
1.45794
1.45794
1.45794
1.45794
1.45794
1.45794
1.45794
1.45794
1.45794
1.45794
1.45794
1.45794
1.45794
1.45794
1.45794
1.45794
1.45794
1.45794
1.45794
1.45794
1.45794
1.45794
1.45794
1.45794
1.45794
1.4744
1.5963
1.61803
1.61803
1.61803
1.61803
1.61803
1.61803
1.61803
1.61803
1.61803
1.61803
1.61803
1.61803
1.61803
1.61803
1.61803
1.61803
1.61803
1.61803
1.61803
1.61803
1.61803
1.61803
1.61803
1.61803
1.61803
1.61803
1.61803
1.61803
1.61803
1.61803
1.61803
1.61803
1.61803
1.61803
1.61803
1.61803
1.61803
1.61803
1.61803
1.61803
1.61803
1.61803
1.61803
1.61803
1.61803
1.61803
1.61803
1.61803
1.61803
1.61803
1.61803
1.61803
1.61803
1.61803
1.61803
1.61803
1.61803
1.61803
1.61803
1.61803
1.61803
1.61803
1.61803
1.61803
1.61803
1.61803
1.61803
1.61803
1.61803
1.61803
1.61803
1.61803
1.61803
1.61803
1.61803
1.61803
1.61803
1.61803
1.61803
1.61803
1.61803
1.61803
1.61803
1.61803
1.61803
1.61803
1.61803
1.61803
1.61803
1.61803
1.61803
1.61803
1.61803
1.61803
1.61803
1.61803
1.64901
1.75261
1.75261
1.75261
1.75261
1.75261
1.75261
1.75261
1.75261
1.75261
1.75261
1.75261
1.75261
1.75261
1.75261
1.75261
1.75261
1.75261
1.75261
1.75261
1.75261
1.75261
1.75261
1.75261
1.75261
1.75261
1.75261
1.75261
1.75261
1.75261
1.75261
1.75261
1.75261
1.75261
1.75261
1.75261
1.75261
1.75261
1.75261
1.75261
1.75261
1.75261
1.75261
1.75261
1.75261
1.75261
1.75261
1.75261
1.75261
1.75261
1.75261
1.75261
1.75261
1.75261
1.75261
1.75261
1.75261
1.75261
1.75261
1.75261
1.75261
1.75261
1.75261
1.75261
1.75261
1.75261
1.75261
1.75261
1.75261
1.75261
1.75261
1.75261
1.75261
1.75261
1.75261
1.75261
1.75261
1.75261
1.75261
1.75261
1.75261
1.75261
1.75261
1.75261
1.75261
1.75261
1.75261
1.75261
1.75261
1.75261
1.75261
1.75261
1.75261
1.75261
1.75261
1.75261
1.75958
1.8341
1.85156
1.85955
1.85955
1.85955
1.85955
1.85955
1.85955
1.85955
1.85955
1.85955
1.85955
1.85955
1.85955
1.85955
1.85955
1.85955
1.85955
1.85955
1.85955
1.85955
1.85955
1.85955
1.85955
1.85955
1.85955
1.85955
1.85955
1.85955
1.85955
1.85955
1.85955
1.85955
1.85955
1.85955
1.85955
1.85955
1.85955
1.85955
1.85955
1.85955
1.85955
1.85955
1.85955
1.85955
1.85955
1.85955
1.85955
1.85955
1.85955
1.85955
1.85955
1.85955
1.85955
1.85955
1.85955
1.85955
1.85955
1.85955
1.85955
1.85955
1.85955
1.85955
1.85955
1.85955
1.85955
1.85955
1.85955
1.85955
1.85955
1.85955
1.85955
1.85955
1.85955
1.85955
1.85955
1.85955
1.85955
1.85955
1.85955
1.85955
1.85955
1.85955
1.85955
1.85955
1.85955
1.85955
1.85955
1.85955
1.85955
1.85955
1.85955
1.85955
1.85955
1.85955
1.85955
1.85955
1.88431
1.93717
1.93717
1.93717
1.93717
1.93717
1.93717
1.93717
1.93717
1.93717
1.93717
1.93717
1.93717
1.93717
1.93717
1.93717
1.93717
1.93717
1.93717
1.93717
1.93717
1.93717
1.93717
1.93717
1.93717
1.93717
1.93717
1.93717
1.93717
1.93717
1.93717
1.93717
1.93717
1.93717
1.93717
1.93717
1.93717
1.93717
1.93717
1.93717
1.93717
1.93717
1.93717
1.93717
1.93717
1.93717
1.93717
1.93717
1.93717
1.93717
1.93717
1.93717
1.93717
1.93717
1.93717
1.93717
1.93717
1.93717
1.93717
1.93717
1.93717
1.93717
1.93717
1.93717
1.93717
1.93717
1.93717
1.93717
1.93717
1.93717
1.93717
1.93717
1.93717
1.93717
1.93717
1.93717
1.93717
1.93717
1.93717
1.93717
1.93717
1.93717
1.93717
1.93717
1.93717
1.93717
1.93717
1.93717
1.93717
1.93717
1.93717
1.93717
1.93717
1.93717
1.93717
1.93717
1.94811
1.98423
1.98423
1.98423
1.98423
1.98423
1.98423
1.98423
1.98423
1.98423
1.98423
1.98423
1.98423
1.98423
1.98423
1.98423
1.98423
1.98423
1.98423
1.98423
1.98423
1.98423
1.98423
1.98423
1.98423
1.98423
1.98423
1.98423
1.98423
1.98423
1.98423
1.98423
1.98423
1.98423
1.98423
1.98423
1.98423
1.98423
1.98423
1.98423
1.98423
1.98423
1.98423
1.98423
1.98423
1.98423
1.98423
1.98423
1.98423
1.98423
1.98423
1.98423
1.98423
1.98423
1.98423
1.98423
1.98423
1.98423
1.98423
1.98423
1.98423
1.98423
1.98423
1.98423
1.98423
1.98423
1.98423
1.98423
1.98423
1.98423
1.98423
1.98423
1.98423
1.98423
1.98423
1.98423
1.98423
1.98423
1.98423
1.98423
1.98423
1.98423
1.98423
1.98423
1.98423
1.98423
1.98423
1.98423
1.98423
1.98423
1.98423
1.98423
1.98423
1.98423
1.98423
1.98423
1.98887
2
2
2
2
2
2
2
2
2
2
2
2
2
2
2
2
2
2
2
2
2
2
2
2
2
2
2
2
2
2
2
2
2
2
2
2
2
2
2
2
2
2
2
2
2
2
2
2.00124
2.07165
2.11024
2.27485
2.29552
2.45794
2.47325
2.61803
2.63076
2.75261
2.76383
2.85955
2.86979
2.93717
2.94664
2.98423
2.99224
3.01412
